#slices = 20
#define BG_MUTATION_RATE 20000
#define CPU_MUTATION_RATE 10000
#define COPY_MUTATION_RATE 7000
#define GENOMA_SAVE_RATE 100
#define SEARCH_LIMIT 150
0 80 28 160 7 79 1
1 80 31 79 1 81 1
2 80 23 82 5 79 2
3 80 33 78 1 77 1
4 80 31 78 1 79 1
5 80 25 79 9 78 1
6 80 26 81 3 162 2
7 80 23 81 7 75 1
8 80 30 78 1 79 1
9 80 31 78 1 79 1
10 80 45 79 3 78 2
11 80 30 81 2 79 2
12 80 30 81 3 116 2
13 80 31 79 1 81 1
14 80 30 79 1 72 1
15 80 33 162 3 81 1
# Clase 80 domino por 16 generaciones
16 51 11 80 10 163 8
17 80 24 79 2 81 2
18 159 16 160 7 162 6
19 179 16 80 10 89 4
20 137 15 80 11 150 6
21 45 22 80 10 79 1
22 45 23 105 9 114 4
23 45 16 125 6 115 4
24 45 18 111 5 68 5
# Clase 45 domino por 4 generaciones
25 174 9 45 9 135 8
26 45 6 123 5 81 5
27 45 7 105 6 142 5
# Clase 45 domino por 2 generaciones
28 123 8 114 6 121 6
29 169 8 139 7 142 6
30 139 10 82 6 79 5
31 156 7 169 7 79 7
32 79 11 56 4 59 3
33 153 8 116 6 49 6
34 196 13 79 6 49 5
35 49 8 60 5 116 4
36 82 6 60 5 56 4
37 49 5 65 4 82 4
38 165 7 109 5 144 5
39 181 5 65 4 56 4
40 125 5 49 5 181 4
41 144 10 121 7 159 4
42 144 11 125 5 93 4
43 144 9 133 8 125 8
44 144 14 114 7 45 6
# Clase 144 domino por 4 generaciones
45 90 16 148 9 172 5
46 176 16 93 7 128 6
47 176 30 72 13 172 3
# Clase 176 domino por 2 generaciones
48 131 20 148 16 124 1
49 131 20 148 12 24 1
50 131 16 148 11 24 1
51 131 11 148 7 192 3
52 131 8 148 7 192 6
# Clase 131 domino por 5 generaciones
53 192 12 131 7 148 5
54 192 17 131 4 193 4
55 192 26 193 9 147 1
56 192 22 193 12 191 1
57 192 21 193 13 191 1
58 192 21 193 14 80 1
59 192 18 193 16 80 1
60 192 17 193 17 80 1
# Clase 192 domino por 8 generaciones
61 193 18 192 16 80 1
62 193 17 192 17 80 1
# Clase 193 domino por 2 generaciones
63 192 18 193 16 55 1
64 192 18 193 16 55 1
65 192 19 193 15 55 1
66 192 20 193 15 55 1
67 192 21 193 13 55 1
68 192 22 193 12 55 1
69 192 23 193 11 55 1
70 192 24 193 10 55 1
71 192 24 193 10 55 1
72 192 25 193 9 55 1
73 192 25 193 9 55 1
74 192 25 193 9 55 1
75 192 26 193 9 55 1
76 192 25 193 9 191 1
77 192 26 193 8 194 1
78 192 25 193 9 194 1
79 192 25 193 9 194 1
80 192 26 193 8 194 1
81 192 26 193 8 194 1
82 192 27 193 7 194 1
83 192 27 193 7 194 1
84 192 28 193 6 194 1
85 192 29 193 5 194 1
86 192 30 193 4 194 1
87 192 32 193 3 194 1
88 192 33 193 2 194 1
89 192 33 193 2 194 1
90 192 34 193 1 194 1
91 192 35 193 1 194 1
92 192 35 193 1 194 1
93 192 35 193 1 194 1
94 192 33 193 1 194 1
95 192 35 193 1 194 1
96 192 36 193 1 194 1
97 192 35 193 1 194 1
98 192 35 193 1 194 1
99 192 36 193 1 194 1
100 192 35 193 1 194 1
101 192 35 193 1 194 1
102 192 35 193 1 194 1
103 192 35 193 1 194 1
104 192 35 193 1 194 1
105 192 38 193 1 194 1
106 192 37 193 1 194 1
107 192 33 193 1 194 1
108 192 35 193 1 194 1
109 192 35 193 1 194 1
110 192 35 193 1 194 1
111 192 35 193 1 194 1
112 192 35 301 1 193 1
113 192 36 301 1 193 1
114 192 37 301 1 193 1
115 192 35 301 1 193 1
116 192 35 301 1 193 1
117 192 35 301 1 193 1
118 192 35 301 1 193 1
119 192 35 301 1 193 1
120 192 35 301 1 193 1
121 192 35 301 1 193 1
122 192 35 301 1 193 1
123 192 32 301 1 193 1
124 192 35 301 1 193 1
125 192 35 301 1 193 1
126 192 35 301 1 193 1
127 192 35 301 1 193 1
128 192 35 301 1 193 1
129 192 35 301 1 193 1
130 192 35 301 1 193 1
131 192 35 301 1 193 1
132 192 35 301 1 193 1
133 192 35 301 1 193 1
134 192 35 301 1 193 1
135 192 35 301 1 193 1
136 192 35 301 1 193 1
137 192 35 301 1 193 1
138 192 35 301 1 193 1
139 192 35 301 1 193 1
140 192 35 301 1 193 1
141 192 35 301 1 193 1
142 192 35 301 1 193 1
143 192 35 301 1 193 1
144 192 35 301 1 193 1
145 192 35 301 1 193 1
146 192 35 301 1 193 1
147 192 36 301 1 193 1
148 192 35 301 1 193 1
149 192 35 301 1 193 1
150 192 35 301 1 193 1
151 192 35 301 1 193 1
152 192 35 301 1 193 1
153 192 35 301 1 193 1
154 192 35 301 1 193 1
155 192 35 301 1 193 1
156 192 34 301 1 193 1
157 192 35 301 1 193 1
158 192 35 301 1 193 1
159 192 35 301 1 193 1
160 192 35 301 1 193 1
161 192 35 301 1 193 1
162 192 35 301 1 193 1
163 192 35 301 1 193 1
164 192 35 301 1 193 1
165 192 35 301 1 193 1
166 192 35 301 1 193 1
167 192 35 301 1 193 1
168 192 35 301 1 193 1
169 192 35 301 1 193 1
170 192 35 301 1 193 1
171 192 35 301 1 193 1
172 192 35 301 1 193 1
173 192 35 301 1 193 1
174 192 35 301 1 193 1
175 192 35 301 1 193 1
176 192 35 301 1 193 1
177 192 35 301 1 193 1
178 192 35 301 1 193 1
179 192 35 301 1 193 1
180 192 35 301 1 193 1
181 192 35 301 1 193 1
182 192 35 301 1 193 1
183 192 35 301 1 193 1
184 192 35 301 1 193 1
185 192 35 301 1 193 1
186 192 35 301 1 193 1
187 192 34 301 1 193 1
188 192 34 301 1 193 1
189 192 34 301 1 193 1
190 192 34 301 1 193 1
191 192 35 301 1 193 1
192 192 35 301 1 193 1
193 192 35 301 1 193 1
194 192 35 301 1 193 1
195 192 35 301 1 193 1
196 192 35 301 1 193 1
197 192 35 301 1 193 1
198 192 35 301 1 193 2
199 192 35 301 1 193 2
200 192 35 301 1 193 1
201 192 35 301 1 193 1
202 192 35 300 1 301 1
203 192 35 300 1 301 1
204 192 36 300 1 301 1
205 192 35 300 1 301 1
206 192 35 300 1 301 1
207 192 35 300 1 301 1
208 192 35 300 1 301 1
209 192 35 300 1 301 1
210 192 35 300 1 301 1
211 192 35 300 1 301 1
212 192 35 300 1 301 1
213 192 35 300 1 301 1
214 192 35 300 1 301 1
215 192 35 300 1 301 1
216 192 35 300 1 301 1
217 192 35 300 1 301 1
218 192 35 300 1 301 1
219 192 34 80 1 300 1
220 192 34 80 1 300 1
221 192 34 80 1 300 1
222 192 35 80 1 300 1
223 192 34 80 1 300 1
224 192 34 80 1 300 1
225 192 34 80 1 300 1
226 192 35 80 1 300 1
227 192 34 300 1 80 1
228 192 35 300 1 80 1
229 192 35 300 1 80 2
230 192 35 300 1 80 3
231 192 35 300 1 80 2
232 192 35 300 1 80 1
233 192 35 300 1 80 1
234 192 35 300 1 80 1
235 192 35 300 1 80 1
236 192 35 300 1 80 1
237 192 35 300 1 80 1
238 192 35 300 1 80 1
239 192 35 300 1 80 1
240 192 36 300 1 80 1
241 192 35 300 1 80 1
242 192 35 300 1 80 1
243 192 35 300 1 80 1
244 192 37 300 1 80 2
245 192 36 300 1 80 1
246 192 35 300 1 80 1
247 192 35 300 1 80 1
248 192 35 300 1 80 1
249 192 35 300 1 80 1
250 192 35 300 1 80 3
251 192 34 300 1 299 1
252 192 34 300 1 299 1
253 192 34 300 1 299 1
254 192 35 299 1 300 1
255 192 35 299 1 300 1
256 192 34 299 1 300 1
257 192 34 299 1 300 1
258 192 34 299 1 300 1
259 192 34 299 1 300 4
260 192 34 299 1 300 1
261 192 34 299 1 300 2
262 192 34 299 1 300 2
263 192 35 299 1 300 1
264 192 34 299 1 300 1
265 192 34 299 1 300 3
266 192 34 299 1 300 1
267 192 34 299 1 300 1
268 192 34 299 1 300 1
269 192 34 299 1 300 1
270 192 34 299 1 300 1
271 192 34 299 1 300 1
272 192 34 299 1 300 1
273 192 33 299 1 300 1
274 192 32 299 1 300 1
275 192 32 299 1 300 1
276 192 34 299 1 300 1
277 192 34 299 1 300 1
278 192 34 299 1 300 1
279 192 34 299 1 300 1
280 192 34 299 1 300 1
281 192 34 299 1 300 1
282 192 34 299 1 300 1
283 192 35 299 1 300 1
284 192 35 299 1 300 1
285 192 35 299 1 300 1
286 192 35 299 1 300 1
287 192 35 299 1 300 1
288 192 35 302 1 299 1
289 192 34 302 1 299 1
290 192 34 302 1 299 1
291 192 34 302 1 299 1
292 192 34 302 1 299 1
293 192 34 302 1 299 1
294 192 34 302 1 299 1
295 192 34 302 1 299 1
296 192 34 302 1 299 1
297 192 34 302 1 299 1
298 192 34 302 1 299 1
299 192 34 302 1 299 1
300 192 34 302 1 299 1
301 192 34 302 1 299 1
302 192 34 302 1 299 1
303 192 34 302 1 299 1
304 192 34 302 1 299 1
305 192 34 302 1 299 1
306 192 34 302 1 299 1
307 192 34 302 1 299 1
308 192 34 302 1 299 1
309 192 34 302 1 299 1
310 192 34 302 1 299 1
311 192 34 302 1 299 1
312 192 34 302 1 299 1
313 192 34 302 1 299 1
314 192 34 302 1 299 1
315 192 34 302 1 299 1
316 192 34 302 1 299 1
317 192 34 302 1 299 1
318 192 34 302 1 299 1
319 192 34 302 1 299 1
320 192 35 302 1 299 1
321 192 35 302 1 299 1
322 192 35 302 1 299 1
323 192 35 302 1 299 1
324 192 35 302 1 299 1
325 192 35 302 1 299 1
326 192 35 302 1 299 2
327 192 35 302 1 299 2
328 192 35 302 1 299 2
329 192 35 302 1 299 1
330 192 35 302 1 299 2
331 192 35 302 1 299 1
332 192 35 302 1 299 1
333 192 35 302 1 299 1
334 192 35 302 1 299 1
335 192 35 302 1 299 1
336 192 35 302 1 299 1
337 192 35 302 1 299 1
338 192 35 302 1 299 1
339 192 35 302 1 299 1
340 192 35 302 1 299 3
341 192 35 302 1 299 1
342 192 35 302 1 299 1
343 192 35 302 1 299 1
344 192 35 302 1 299 1
345 192 35 302 1 299 1
346 192 35 302 1 299 1
347 192 35 302 1 299 1
348 192 35 302 1 299 1
349 192 35 302 1 299 1
350 192 35 302 1 299 3
351 192 35 302 1 299 1
352 192 35 302 1 299 1
353 192 35 302 1 299 1
354 192 35 302 1 299 1
355 192 35 302 1 299 1
356 192 35 302 1 299 1
357 192 35 302 1 299 1
358 192 35 302 1 299 2
359 192 35 302 1 299 1
360 192 35 302 1 299 1
361 192 35 302 1 299 1
362 192 35 302 1 299 1
363 192 35 302 1 299 1
364 192 35 302 1 299 1
365 192 35 302 1 299 2
366 192 35 302 1 299 1
367 192 35 302 1 299 1
368 192 35 302 1 299 1
369 192 35 302 1 299 1
370 192 35 302 1 299 1
371 192 35 302 1 299 1
372 192 35 302 1 299 1
373 192 35 302 1 299 1
374 192 35 302 1 299 1
375 192 35 302 1 299 1
376 192 35 302 1 299 1
377 192 35 302 1 299 1
378 192 35 302 1 299 3
379 192 35 302 1 299 1
380 192 35 302 1 299 4
381 192 35 302 1 299 3
382 192 35 302 1 299 1
383 192 35 302 1 299 1
384 192 35 302 1 299 1
385 192 35 302 1 299 1
386 192 35 302 1 299 1
387 192 35 302 1 299 1
388 192 35 302 1 299 1
389 192 35 302 1 299 1
390 192 35 302 1 299 1
391 192 35 302 1 299 1
392 192 35 302 1 299 1
393 192 35 302 1 299 1
394 192 35 302 1 299 1
395 192 35 302 1 299 1
396 192 35 302 1 299 1
397 192 35 302 1 299 1
398 192 35 302 1 299 1
399 192 35 302 1 299 2
400 192 35 302 1 299 3
401 192 35 302 1 299 3
402 192 35 302 1 299 1
403 192 35 302 1 299 1
404 192 35 302 1 299 1
405 192 35 302 1 299 1
406 192 35 302 1 299 1
407 192 35 302 1 299 1
408 192 35 302 1 299 1
409 192 35 302 1 299 1
410 192 35 302 1 299 1
411 192 35 302 1 299 1
412 192 35 302 1 299 1
413 192 35 302 1 299 1
414 192 35 302 1 299 1
415 192 35 302 1 299 1
416 192 35 302 1 299 1
417 192 35 302 1 299 1
418 192 35 302 1 299 1
419 192 35 302 1 299 1
420 192 35 302 1 299 1
421 192 35 302 1 299 1
422 192 35 302 1 299 1
423 192 35 302 1 299 1
424 192 35 302 1 299 1
425 192 35 302 1 299 1
426 192 35 302 1 299 1
427 192 35 302 1 299 1
428 192 33 302 1 299 1
429 192 34 302 1 299 1
430 192 35 302 1 299 1
431 192 36 302 1 299 1
432 192 35 302 1 299 1
433 192 35 302 1 299 1
434 192 35 302 1 299 1
435 192 35 302 1 299 1
436 192 35 302 1 299 1
437 192 35 302 1 299 1
438 192 35 302 1 299 1
439 192 35 302 1 299 1
440 192 35 302 1 299 1
441 192 36 302 1 299 1
442 192 36 302 1 299 1
443 192 36 302 1 299 1
444 192 35 302 1 299 1
445 192 35 302 1 299 1
446 192 35 302 1 299 1
447 192 35 302 1 299 1
448 192 35 302 1 299 1
449 192 35 302 1 299 1
450 192 35 302 1 299 1
451 192 35 302 1 299 1
452 192 35 302 1 299 1
453 192 35 302 1 299 1
454 192 35 302 1 299 1
455 192 35 302 1 299 1
456 192 36 302 1 299 1
457 192 35 302 1 299 1
458 192 35 302 1 299 1
459 192 35 302 1 299 1
460 192 35 302 1 299 1
461 192 35 302 1 299 1
462 192 35 302 1 299 1
463 192 35 302 1 299 1
464 192 35 302 1 299 1
465 192 35 302 1 299 1
466 192 34 302 1 299 1
467 192 35 302 1 299 1
468 192 35 302 1 299 1
469 192 35 302 1 299 1
470 192 35 302 1 299 1
471 192 35 302 1 299 1
472 192 35 302 1 299 1
473 192 35 302 1 299 1
474 192 35 302 1 299 1
475 192 34 302 1 299 1
476 192 35 302 1 299 1
477 192 37 302 1 299 1
478 192 35 302 1 299 1
479 192 35 302 1 299 1
480 192 35 302 1 299 1
481 192 35 302 1 299 1
482 192 35 302 1 299 1
483 192 35 302 1 299 1
484 192 35 302 1 299 1
485 192 35 302 1 299 1
486 192 35 302 1 299 1
487 192 35 302 1 299 1
488 192 35 302 1 299 1
489 192 35 302 1 299 1
490 192 35 302 1 299 1
491 192 35 302 1 299 1
492 192 35 302 1 299 1
493 192 35 302 1 299 1
494 192 35 302 1 299 1
495 192 35 302 1 299 1
496 192 35 302 1 299 1
497 192 35 302 1 299 1
498 192 35 302 1 299 1
499 192 35 302 1 299 1
500 192 35 302 1 299 4
501 192 35 302 1 299 1
502 192 35 302 1 299 1
503 192 35 302 1 299 2
504 192 35 302 1 299 1
505 192 35 302 1 299 1
506 192 35 302 1 299 1
507 192 35 302 1 299 1
508 192 35 302 1 299 1
509 192 35 302 1 299 1
510 192 35 302 1 299 1
511 192 35 302 1 299 2
512 192 35 302 1 299 1
513 192 35 302 1 299 1
514 192 35 302 1 299 1
515 192 35 302 1 299 1
516 192 35 302 1 299 1
517 192 35 302 1 299 1
518 192 35 302 1 299 1
519 192 35 302 1 299 1
520 192 35 302 1 299 1
521 192 35 302 1 299 1
522 192 35 302 1 299 1
523 192 35 302 1 299 1
524 192 35 302 1 299 1
525 192 35 302 1 299 1
526 192 35 302 1 299 1
527 192 35 302 1 299 1
528 192 35 302 1 299 1
529 192 35 302 1 299 1
530 192 35 302 1 299 1
531 192 35 302 1 299 1
532 192 35 302 1 299 1
533 192 35 302 1 299 1
534 192 35 302 1 299 1
535 192 35 302 1 299 1
536 192 35 302 1 299 1
537 192 35 302 1 299 1
538 192 35 302 1 299 1
539 192 35 302 1 299 1
540 192 35 302 1 299 1
541 192 35 302 1 299 1
542 192 35 302 1 299 1
543 192 35 302 1 299 1
544 192 35 302 1 299 1
545 192 35 302 1 299 1
546 192 35 302 1 299 1
547 192 35 302 1 299 1
548 192 35 302 1 299 1
549 192 35 302 1 299 1
550 192 35 302 1 299 1
551 192 35 302 1 299 1
552 192 35 302 1 299 1
553 192 35 302 1 299 1
554 192 35 302 1 299 1
555 192 35 302 1 299 1
556 192 35 302 1 299 1
557 192 35 302 1 299 1
558 192 35 302 1 299 1
559 192 35 302 1 299 1
560 192 35 302 1 299 1
561 192 35 302 1 299 1
562 192 35 302 1 299 1
563 192 35 302 1 299 1
564 192 35 302 1 299 1
565 192 35 302 1 299 1
566 192 35 302 1 299 1
567 192 35 302 1 299 1
568 192 35 302 1 299 1
569 192 35 302 1 299 1
570 192 35 302 1 299 1
571 192 35 302 1 299 1
572 192 35 302 1 299 1
573 192 35 302 1 299 1
574 192 35 302 1 299 1
575 192 35 302 1 299 1
576 192 35 302 1 299 1
577 192 35 302 1 299 1
578 192 35 302 1 299 1
579 192 35 302 1 299 1
580 192 35 302 1 299 1
581 192 35 302 1 299 1
582 192 35 302 1 299 1
583 192 35 302 1 299 1
584 192 35 302 1 299 1
585 192 35 302 1 299 1
586 192 35 302 1 299 1
587 192 35 302 1 299 1
588 192 35 302 1 299 1
589 192 35 302 1 299 1
590 192 35 302 1 299 1
591 192 35 302 1 299 1
592 192 35 302 1 299 1
593 192 35 302 1 299 1
594 192 35 302 1 299 1
595 192 35 302 1 299 1
596 192 35 302 1 299 1
597 192 35 302 1 299 1
598 192 35 302 1 299 1
599 192 35 302 1 299 1
600 192 35 302 1 299 1
601 192 35 302 1 299 1
602 192 35 302 1 299 1
603 192 35 302 1 299 1
604 192 35 302 1 299 1
605 192 35 302 1 299 1
606 192 35 302 1 299 1
607 192 35 302 1 299 1
608 192 35 302 1 299 1
609 192 35 302 1 299 1
610 192 35 302 1 299 1
611 192 35 302 1 299 1
612 192 35 302 1 299 1
613 192 35 302 1 299 1
614 192 35 302 1 299 1
615 192 35 302 1 299 1
616 192 35 302 1 299 1
617 192 35 302 1 299 1
618 192 35 302 1 299 2
619 192 35 302 1 299 2
620 192 35 302 1 299 1
621 192 35 302 1 299 1
622 192 35 302 1 299 1
623 192 35 302 1 299 1
624 192 35 302 1 299 1
625 192 35 302 1 299 1
626 192 35 302 1 299 1
627 192 35 302 1 299 3
628 192 35 302 1 299 4
629 192 35 302 1 299 5
630 192 35 302 1 299 3
631 192 35 302 1 299 1
632 192 35 302 1 299 1
633 192 35 302 1 299 1
634 192 35 302 1 299 1
635 192 35 302 1 299 1
636 192 35 302 1 299 1
637 192 35 302 1 299 1
638 192 35 302 1 299 1
639 192 35 302 1 299 1
640 192 35 302 1 299 1
641 192 35 302 1 299 1
642 192 35 302 1 299 1
643 192 35 302 1 299 1
644 192 35 302 1 299 1
645 192 35 302 1 299 1
646 192 35 302 1 299 1
647 192 35 302 1 299 1
648 192 35 302 1 299 1
649 192 35 302 1 299 1
650 192 35 302 1 299 1
651 192 35 302 1 299 1
652 192 35 302 1 299 3
653 192 35 302 1 299 1
654 192 35 302 1 299 1
655 192 35 302 1 299 1
656 192 35 302 1 299 1
657 192 35 302 1 299 1
658 192 35 302 1 299 1
659 192 35 302 1 299 1
660 192 35 302 1 299 1
661 192 35 302 1 299 1
662 192 35 302 1 299 2
663 192 35 302 1 299 1
664 192 35 302 1 299 1
665 192 35 302 1 299 1
666 192 35 302 1 299 1
667 192 35 302 1 299 1
668 192 35 302 1 299 1
669 192 35 302 1 299 1
670 192 36 302 1 299 1
671 192 35 302 1 299 1
672 192 33 302 1 299 2
673 192 35 302 1 299 2
674 192 34 302 1 299 2
675 192 35 302 1 299 1
676 192 35 302 1 299 1
677 192 35 302 1 299 1
678 192 35 302 1 299 1
679 192 35 302 1 299 1
680 192 35 302 1 299 4
681 192 35 302 1 299 1
682 192 35 302 1 299 1
683 192 35 302 1 299 1
684 192 35 302 1 299 1
685 192 35 302 1 299 1
686 192 36 302 1 299 1
687 192 37 302 1 299 1
688 192 36 302 1 299 1
689 192 36 302 1 299 3
690 192 35 302 1 299 1
691 192 35 302 1 299 1
692 192 35 302 1 299 1
693 192 35 302 1 299 1
694 192 35 302 1 299 1
695 192 35 302 1 299 1
696 192 35 302 1 299 1
697 192 35 302 1 299 1
698 192 35 302 1 299 1
699 192 35 302 1 299 2
700 192 35 302 1 299 1
701 192 35 302 1 299 1
702 192 35 302 1 299 1
703 192 35 302 1 299 1
704 192 35 302 1 299 1
705 192 35 302 1 299 1
706 192 35 302 1 299 1
707 192 35 302 1 299 1
708 192 35 302 1 299 1
709 192 35 302 1 299 1
710 192 35 302 1 299 1
711 192 35 302 1 299 1
712 192 35 302 1 299 1
713 192 35 302 1 299 1
714 192 35 302 1 299 1
715 192 35 302 1 299 1
716 192 35 302 1 299 1
717 192 35 302 1 299 1
718 192 35 302 1 299 1
719 192 35 302 1 299 1
720 192 35 302 1 299 1
721 192 35 302 1 299 1
722 192 35 302 1 299 1
723 192 35 302 1 299 1
724 192 35 302 1 299 1
725 192 35 302 1 299 1
726 192 35 302 1 299 1
727 192 35 302 1 299 1
728 192 35 302 1 299 1
729 192 35 302 1 299 1
730 192 35 302 1 299 1
731 192 35 302 1 299 1
732 192 35 302 1 299 1
733 192 35 302 1 299 1
734 192 35 302 1 299 1
735 192 35 302 1 299 1
736 192 35 302 1 299 1
737 192 35 302 1 299 1
738 192 35 302 1 299 1
739 192 35 302 1 299 1
740 192 35 302 1 299 1
741 192 35 302 1 299 1
742 192 35 302 1 299 1
743 192 35 302 1 299 1
744 192 35 302 1 299 1
745 192 35 302 1 299 1
