#slices = 20
#define BG_MUTATION_RATE 20000*2
#define CPU_MUTATION_RATE 10000*2
#define COPY_MUTATION_RATE 7000*2
#define GENOMA_SAVE_RATE 100
#define SEARCH_LIMIT 150
0 80 32 81 3 82 1
1 80 33 81 1 82 1
2 80 37 81 1 79 1
3 80 32 81 1 79 1
4 80 33 81 1 82 1
5 80 33 81 1 79 1
6 80 32 81 1 79 1
7 80 21 82 7 83 5
8 80 33 78 1 79 1
9 80 34 79 1 78 1
10 80 18 160 7 71 2
# Clase 80 domino por 11 generaciones
11 243 22 80 15 94 3
12 80 20 160 6 82 1
13 80 24 78 1 82 1
14 80 22 78 4 75 3
15 80 12 74 9 75 4
16 80 12 75 10 78 6
# Clase 80 domino por 5 generaciones
17 75 12 80 8 157 5
18 75 21 80 7 78 2
19 75 22 76 6 80 4
20 75 20 152 4 80 3
21 75 24 73 7 80 1
22 75 21 105 8 98 6
23 75 32 81 1 76 1
24 75 42 76 1 80 1
25 75 33 74 1 81 1
26 75 32 74 1 70 1
27 75 33 70 1 74 1
28 75 30 73 1 74 1
29 75 30 142 3 74 1
30 75 32 74 1 70 1
31 75 33 74 1 76 1
32 75 31 74 2 23 1
33 75 30 74 4 76 1
34 75 31 74 3 76 1
35 75 32 74 2 76 1
36 75 35 74 2 76 1
37 75 34 74 1 76 1
38 75 32 76 5 74 1
39 75 33 74 1 76 1
40 75 34 74 1 78 1
41 75 39 74 1 76 1
42 75 34 74 1 77 1
43 75 35 74 1 76 1
44 75 34 74 1 76 1
45 75 30 76 3 74 1
46 75 33 76 1 74 1
47 75 27 77 4 152 1
48 75 33 76 1 77 1
49 75 34 77 1 74 1
50 75 35 74 1 76 1
51 75 31 74 2 76 1
52 75 33 76 1 74 1
53 75 34 74 1 76 1
54 75 34 74 1 73 1
55 75 28 136 3 76 1
56 75 33 76 1 77 1
57 75 33 76 1 72 1
58 75 32 76 1 72 1
59 75 27 118 6 72 1
60 75 34 72 1 77 1
61 75 29 153 3 74 2
62 75 51 74 1 72 1
63 75 33 74 1 72 1
64 75 33 74 1 72 1
65 75 30 76 1 74 1
66 75 32 72 1 74 1
67 75 31 76 1 72 1
68 75 32 72 1 77 1
69 75 31 73 1 74 1
70 75 33 73 1 72 1
71 75 33 73 1 72 1
72 75 33 73 1 72 1
73 75 33 73 1 72 1
74 75 33 73 1 72 1
75 75 33 73 1 72 1
76 75 22 154 10 74 9
77 75 20 150 12 76 7
78 75 24 72 2 78 1
79 75 24 72 3 63 1
80 75 22 72 4 73 1
81 75 19 72 8 68 2
82 75 22 72 6 68 2
83 75 16 72 8 70 3
84 75 13 72 7 70 5
# Clase 75 domino por 68 generaciones
85 180 19 75 5 72 5
86 72 12 67 6 75 4
87 67 10 72 10 68 5
88 67 14 72 6 68 5
89 67 21 72 4 68 3
90 67 24 68 2 72 1
91 67 29 38 2 68 2
92 67 31 68 2 66 1
93 67 33 68 1 66 1
94 67 36 66 1 71 1
95 67 30 66 1 69 1
96 67 34 66 1 68 1
97 67 44 66 1 71 1
98 67 32 66 2 29 2
99 67 35 66 1 71 1
100 67 35 66 1 140 1
101 67 32 66 1 22 1
102 67 31 66 2 83 1
103 67 33 66 2 69 1
104 67 31 66 3 68 1
105 67 31 66 3 65 1
106 67 32 66 2 68 1
107 67 32 66 2 65 1
108 67 33 66 2 68 1
109 67 33 66 3 68 1
110 67 33 66 2 68 1
111 67 32 66 1 65 1
112 67 33 66 1 68 1
113 67 32 66 2 68 1
114 67 33 66 2 65 1
115 67 31 66 2 65 1
116 67 34 66 2 65 1
117 67 20 70 13 66 2
118 67 28 66 4 65 1
119 67 29 66 4 68 1
120 67 30 66 3 30 1
121 67 29 66 5 68 1
122 67 28 66 4 65 1
123 67 29 66 4 68 1
124 67 31 66 4 65 1
125 67 27 66 6 65 1
126 67 23 66 7 68 1
127 67 27 66 6 68 1
128 67 24 66 7 68 1
129 67 17 66 12 68 1
130 67 23 66 8 68 1
131 67 24 66 9 68 1
132 67 23 66 8 68 1
# Clase 67 domino por 46 generaciones
133 66 15 67 14 30 2
134 67 19 66 13 65 1
135 67 18 66 14 65 1
# Clase 67 domino por 2 generaciones
136 66 23 67 16 65 1
137 66 24 67 8 65 1
138 66 34 67 5 65 1
139 66 32 67 1 65 1
140 66 31 67 1 65 1
141 66 32 67 1 65 1
142 66 32 67 1 65 1
143 66 41 65 1 67 1
144 66 32 65 1 67 1
145 66 32 65 1 67 1
146 66 32 65 1 67 1
147 66 30 65 2 68 1
148 66 30 65 2 67 1
149 66 32 65 1 67 1
150 66 29 65 1 67 1
151 66 31 65 1 67 1
152 66 31 65 1 67 1
153 66 32 65 1 67 1
154 66 32 65 2 67 1
155 66 33 65 1 67 1
156 66 33 65 1 67 1
157 66 33 65 1 67 1
158 66 32 65 1 68 1
159 66 31 65 1 63 1
160 66 33 65 2 63 1
161 66 42 65 3 63 1
162 66 34 65 2 63 1
163 66 36 65 1 67 1
164 66 34 65 1 67 1
165 66 35 65 1 63 1
166 66 51 65 2 67 1
167 66 32 65 2 67 1
168 66 47 65 1 63 1
169 66 36 65 1 67 1
170 66 54 65 3 67 1
171 66 44 65 3 67 1
172 66 33 65 2 67 1
173 66 36 65 2 67 1
174 66 54 65 4 67 1
175 66 36 65 1 67 1
176 66 49 65 2 67 1
177 66 34 65 1 67 1
178 66 44 65 2 67 1
179 66 42 65 1 67 1
180 66 36 65 1 67 1
181 66 33 65 1 67 1
182 66 34 65 2 67 1
183 66 37 65 4 67 1
184 66 32 65 2 67 1
185 66 34 65 2 67 1
186 66 34 65 1 67 1
187 66 35 65 1 132 1
188 66 33 65 1 60 1
189 66 34 65 1 60 1
190 66 37 65 1 60 1
191 66 33 65 1 60 1
192 66 34 60 1 65 1
193 66 34 60 1 65 1
194 66 33 60 1 65 1
195 66 31 60 2 65 1
196 66 32 60 1 67 1
197 66 30 60 3 67 1
198 66 28 60 2 67 1
199 66 28 60 2 65 1
200 66 24 60 4 65 3
201 66 36 65 8 60 3
202 66 28 65 6 60 4
203 66 26 60 4 65 3
204 66 27 60 6 65 3
205 66 25 60 8 65 2
206 66 24 60 5 65 3
207 66 27 60 4 65 3
208 66 21 60 6 65 5
209 66 19 60 7 65 5
210 66 14 60 11 65 8
211 66 15 65 9 60 8
212 66 13 65 13 60 7
# Clase 66 domino por 77 generaciones
213 65 14 60 10 66 9
214 65 16 60 10 66 6
215 65 29 60 9 66 4
216 65 26 60 12 66 4
217 65 24 60 7 66 3
218 65 26 60 5 66 2
219 65 23 60 9 66 1
220 65 24 60 8 66 1
221 65 26 60 5 66 1
222 65 24 60 8 66 1
223 65 23 60 9 67 1
224 65 24 60 8 67 1
225 65 20 60 12 64 1
226 65 23 60 10 64 1
227 65 21 60 11 61 1
228 65 18 60 17 64 1
229 65 19 60 15 59 1
230 65 17 60 16 59 1
# Clase 65 domino por 18 generaciones
231 60 19 65 16 66 2
232 60 18 65 12 59 2
233 60 19 65 9 59 5
234 60 17 65 9 59 6
235 60 16 59 10 65 6
# Clase 60 domino por 5 generaciones
236 59 20 60 17 65 5
237 59 20 60 16 65 2
# Clase 59 domino por 2 generaciones
238 60 16 59 16 65 1
239 59 18 60 15 65 1
240 59 18 60 14 65 1
241 59 19 60 14 65 1
242 59 19 60 13 58 1
243 59 21 60 11 58 1
244 59 22 60 10 58 1
245 59 37 60 12 58 1
246 59 25 60 10 58 1
247 59 24 60 9 58 1
248 59 23 60 9 58 1
249 59 23 60 9 58 1
250 59 23 60 9 58 1
251 59 24 60 7 58 1
252 59 23 60 6 58 1
253 59 22 60 8 58 1
254 59 22 60 7 52 2
255 59 20 60 7 52 4
256 59 20 52 5 60 5
257 59 19 52 7 60 5
258 59 18 52 9 60 6
259 59 17 52 11 60 5
260 59 16 52 14 60 3
261 59 16 52 15 60 3
# Clase 59 domino por 23 generaciones
262 52 16 59 15 60 2
263 52 22 59 8 60 2
264 52 24 59 6 60 1
265 52 23 59 6 51 1
266 52 23 59 6 51 2
267 52 28 51 3 59 2
268 52 29 51 3 59 1
269 52 35 51 2 50 1
270 52 49 51 3 50 1
271 52 30 53 2 51 2
272 52 52 51 2 53 1
273 52 49 51 2 48 1
274 52 33 51 2 53 1
275 52 30 51 2 48 1
276 52 30 48 3 51 2
277 52 32 51 2 48 1
278 52 33 48 1 51 1
279 52 28 48 5 51 1
280 52 28 48 4 51 1
281 52 28 48 6 51 1
282 52 20 48 12 51 1
283 52 34 48 10 51 1
284 52 32 48 13 51 1
285 52 24 48 16 49 1
# Clase 52 domino por 24 generaciones
286 48 16 52 15 46 3
287 48 22 52 11 46 1
288 48 21 52 8 46 2
289 48 18 52 7 46 6
290 48 13 46 13 52 6
# Clase 48 domino por 5 generaciones
291 46 16 48 10 52 6
292 46 19 48 11 52 4
293 46 24 48 8 52 1
294 46 32 48 3 52 1
295 46 31 48 2 47 1
296 46 32 48 1 47 1
297 46 33 48 1 49 1
298 46 33 48 1 47 1
299 46 32 48 1 47 1
300 46 31 48 1 45 1
301 46 30 48 2 47 1
302 46 30 48 2 47 1
303 46 29 48 2 45 1
304 46 30 48 2 45 1
305 46 39 45 3 48 1
306 46 30 45 3 48 1
307 46 28 45 4 47 1
308 46 27 45 4 48 1
309 46 26 45 5 48 1
310 46 26 45 5 47 1
311 46 26 45 5 48 1
312 46 25 45 6 47 1
313 46 24 45 6 47 1
314 46 34 45 13 47 1
315 46 25 45 7 47 1
316 46 23 45 8 44 1
317 46 23 45 8 44 1
318 46 22 45 9 44 1
319 46 20 45 10 44 1
320 46 18 45 12 44 1
321 46 21 45 20 44 2
322 46 20 45 18 44 1
323 46 18 45 14 44 1
# Clase 46 domino por 33 generaciones
324 45 15 46 15 44 2
325 45 15 46 14 44 3
326 45 16 46 13 44 4
327 45 15 46 12 44 4
328 45 13 46 12 44 5
329 45 21 46 12 44 8
330 45 18 44 9 46 9
331 45 20 46 11 44 6
332 45 18 46 9 44 5
333 45 15 46 8 44 8
334 45 15 44 8 46 7
335 45 15 44 8 46 7
336 45 15 44 10 46 5
337 45 13 44 11 46 5
338 45 13 44 10 46 4
339 45 13 44 10 43 4
# Clase 45 domino por 16 generaciones
340 44 10 45 9 43 7
341 45 9 44 9 43 6
342 45 9 43 9 44 9
# Clase 45 domino por 2 generaciones
343 42 10 43 8 44 7
344 42 11 43 8 44 8
345 42 18 43 7 44 5
346 42 23 43 4 44 4
347 42 20 43 5 44 4
348 42 21 43 4 44 3
349 42 25 43 2 44 2
350 42 26 43 2 45 2
351 42 27 45 2 43 2
352 42 28 43 2 44 2
353 42 28 43 2 44 2
354 42 30 43 2 44 2
355 42 33 43 1 44 1
356 42 30 43 2 44 1
357 42 48 44 2 43 2
358 42 49 44 2 43 1
359 42 38 41 1 44 1
360 42 32 44 1 43 1
361 42 31 41 1 43 1
362 42 31 41 1 43 1
363 42 30 41 3 43 1
364 42 24 41 5 44 1
365 42 21 41 8 44 2
366 42 18 41 14 44 1
367 42 18 41 15 40 1
368 42 24 41 15 40 1
# Clase 42 domino por 26 generaciones
369 41 20 42 19 40 2
370 42 17 41 14 40 2
371 41 22 42 9 40 2
372 41 15 42 13 40 4
373 41 20 42 8 40 3
374 41 18 42 8 40 4
375 41 23 42 6 40 4
376 41 19 42 7 40 5
377 41 21 42 5 40 4
378 41 25 42 6 40 5
379 41 20 40 5 42 5
380 41 25 40 5 42 5
381 41 20 39 5 40 4
382 41 25 40 5 39 4
383 41 18 40 6 39 5
384 41 22 40 5 39 4
385 41 18 39 7 40 5
386 41 22 39 5 40 4
387 41 17 39 7 40 6
388 41 21 39 5 40 5
389 41 18 39 7 40 5
390 41 18 40 6 39 5
391 41 16 39 7 40 7
392 41 20 39 7 40 6
393 41 15 39 8 40 7
394 41 20 39 8 40 6
395 41 16 39 7 40 7
396 41 20 39 7 40 6
397 41 16 39 7 40 6
398 41 16 39 8 40 7
399 41 16 39 7 40 6
400 41 14 39 9 40 8
401 41 16 39 8 40 6
402 41 14 39 8 40 7
403 41 16 39 7 40 7
404 41 12 39 9 40 8
405 41 16 39 7 40 7
406 41 13 40 9 39 8
407 41 15 39 7 40 7
408 41 14 39 8 40 8
409 41 16 39 7 40 6
410 41 14 39 7 40 7
411 41 16 40 7 39 6
412 41 14 39 8 40 8
413 41 15 39 7 40 6
414 41 15 39 7 40 7
415 41 15 39 7 40 6
416 41 14 40 8 39 7
417 41 15 39 7 40 6
418 41 12 40 6 39 6
419 41 15 40 7 39 7
420 41 13 40 8 39 8
421 41 16 40 7 39 7
422 41 14 40 8 39 6
423 41 15 40 8 39 7
424 41 14 40 8 39 7
425 41 16 40 7 39 7
426 41 14 40 8 39 7
427 41 14 40 7 39 6
428 41 13 40 8 39 7
429 41 14 40 7 39 7
430 41 14 40 8 39 6
431 41 14 40 8 39 6
432 41 12 40 8 39 6
433 41 13 40 9 39 6
434 41 13 40 8 39 7
435 41 14 40 7 39 6
436 41 13 40 8 39 6
437 41 14 40 8 39 6
438 41 13 40 8 39 6
439 41 14 40 7 39 6
440 41 13 40 8 39 6
441 41 13 40 7 39 6
442 41 12 40 8 39 6
443 41 13 40 7 39 6
444 41 13 40 8 39 5
445 41 13 40 7 39 6
446 41 13 40 8 39 6
447 41 13 40 7 39 5
448 41 13 40 7 39 5
449 41 11 40 6 39 5
450 41 10 40 6 39 5
451 41 10 40 6 39 5
452 41 10 40 6 37 5
453 41 9 37 7 40 6
454 41 10 37 6 40 5
455 41 10 40 6 37 6
456 41 9 37 8 40 5
457 41 9 37 7 40 5
458 41 9 37 8 40 5
459 41 9 37 8 40 5
460 41 9 37 8 40 5
461 41 9 37 8 40 5
# Clase 41 domino por 91 generaciones
462 37 10 41 8 40 5
463 37 13 41 7 39 4
464 37 13 41 7 40 4
465 37 13 41 7 40 4
466 37 12 41 7 39 4
467 37 14 41 9 40 5
468 37 14 41 8 40 5
469 37 10 41 7 40 5
470 37 13 41 7 40 4
471 37 15 41 6 40 4
472 37 18 41 5 40 3
473 37 18 41 6 40 3
474 37 20 41 5 40 3
475 37 11 41 6 40 5
476 37 14 41 7 40 4
477 37 15 41 6 40 3
478 37 17 41 5 40 3
479 37 20 41 4 40 3
480 37 19 41 5 40 3
481 37 20 41 6 40 4
482 37 15 41 6 40 4
483 37 17 41 5 40 3
484 37 22 41 4 40 2
485 37 25 41 3 39 2
486 37 21 41 4 39 2
487 37 24 41 3 40 2
488 37 27 41 2 39 2
489 37 27 39 2 41 2
490 37 31 39 1 38 1
491 37 33 38 1 39 1
492 37 33 38 1 40 1
493 37 34 38 1 36 1
494 37 33 38 1 36 1
495 37 34 38 1 36 1
496 37 34 38 1 36 1
497 37 34 38 1 36 1
498 37 33 38 1 36 1
499 37 33 38 1 36 1
500 37 36 38 1 36 1
501 37 34 38 1 36 1
502 37 47 38 1 36 1
503 37 33 38 1 36 1
504 37 46 38 1 36 1
505 37 33 38 1 36 1
506 37 34 38 1 36 1
507 37 34 38 1 36 1
508 37 34 38 1 36 1
509 37 32 38 1 36 1
510 37 33 36 1 38 1
511 37 33 38 1 36 1
512 37 33 38 1 36 1
513 37 46 35 1 38 1
514 37 32 38 1 36 1
515 37 33 38 1 36 1
516 37 32 38 1 36 1
517 37 32 36 1 38 1
518 37 46 36 1 38 1
519 37 32 38 1 36 1
520 37 33 38 1 36 1
521 37 32 38 1 36 1
522 37 32 38 1 36 1
523 37 45 36 1 38 1
524 37 31 38 1 36 1
525 37 33 38 1 36 1
526 37 32 38 1 36 1
527 37 31 38 3 36 1
528 37 44 38 1 36 1
529 37 31 38 2 36 1
530 37 32 38 1 36 1
531 37 31 38 2 36 1
532 37 32 38 1 36 1
533 37 43 38 1 36 1
534 37 31 38 2 36 1
535 37 32 38 1 36 1
536 37 31 38 2 36 1
537 37 31 38 2 36 1
538 37 44 36 1 38 1
539 37 31 36 1 38 1
540 37 32 36 1 38 1
541 37 31 38 2 36 1
542 37 31 38 1 36 1
543 37 46 38 1 36 1
544 37 31 38 1 36 1
545 37 32 36 1 38 1
546 37 31 38 1 36 1
547 37 32 38 1 36 1
548 37 44 36 1 38 1
549 37 32 38 1 36 1
550 37 32 38 1 36 1
551 37 30 38 1 74 1
552 37 32 38 1 36 1
553 37 42 36 1 38 1
554 37 31 36 1 38 1
555 37 32 38 1 36 1
556 37 30 38 2 36 2
557 37 31 36 2 38 1
558 37 32 36 1 38 1
559 37 30 36 2 38 1
560 37 31 36 2 38 1
561 37 29 36 3 38 2
562 37 30 36 2 38 2
563 37 31 36 2 38 1
564 37 29 36 2 38 2
565 37 31 36 2 38 1
566 37 41 36 2 38 1
567 37 31 36 2 38 1
568 37 33 36 1 38 1
569 37 31 36 1 38 1
570 37 32 36 1 38 1
571 37 43 36 1 38 1
572 37 32 36 1 38 1
573 37 33 36 1 38 1
574 37 31 36 1 38 1
575 37 32 36 1 38 1
576 37 44 36 1 38 1
577 37 31 38 1 36 1
578 37 33 36 1 38 1
579 37 31 36 1 38 1
580 37 32 36 1 38 1
581 37 30 36 1 38 1
582 37 30 38 2 36 1
583 37 33 36 1 38 1
584 37 31 36 1 38 1
585 37 32 36 1 38 1
586 37 30 36 2 38 1
587 37 31 36 2 38 1
588 37 32 36 2 38 1
589 37 30 36 2 38 1
590 37 31 36 2 38 1
591 37 30 36 2 38 1
592 37 30 36 2 38 1
593 37 41 36 2 38 1
594 37 30 36 2 38 1
595 37 30 36 2 38 1
596 37 29 36 2 38 2
597 37 30 36 2 38 1
598 37 40 36 3 38 1
599 37 28 36 4 38 1
600 37 30 36 3 38 1
601 37 28 36 4 38 1
602 37 30 36 3 38 1
603 37 39 36 4 38 1
604 37 30 36 3 38 1
605 37 30 36 2 38 2
606 37 30 36 3 38 1
607 37 31 36 2 38 1
608 37 41 36 3 38 1
609 37 30 36 3 38 1
610 37 31 36 2 38 1
611 37 30 36 3 38 1
612 37 31 36 2 38 1
613 37 41 36 3 38 1
614 37 30 36 3 38 1
615 37 29 36 4 38 1
616 37 28 36 4 38 1
617 37 29 36 4 38 1
618 37 39 36 4 38 1
619 37 29 36 4 38 1
620 37 29 36 4 38 1
621 37 28 36 4 38 1
622 37 29 36 4 38 1
623 37 40 36 4 38 1
624 37 28 36 4 38 1
625 37 29 36 4 38 1
626 37 28 36 4 38 1
627 37 29 36 4 38 1
628 37 40 36 4 38 1
629 37 29 36 4 38 1
630 37 29 36 3 38 1
631 37 29 36 4 38 1
632 37 29 36 3 38 1
633 37 42 36 4 38 1
634 37 28 36 4 38 1
635 37 30 36 3 38 1
636 37 28 36 4 38 1
637 37 29 36 4 38 1
638 37 28 36 4 38 1
639 37 28 36 3 74 1
640 37 29 36 4 38 1
641 37 29 36 3 38 1
642 37 29 36 3 38 1
643 37 27 36 4 38 1
644 37 28 36 3 38 1
645 37 41 36 5 38 1
646 37 27 36 3 35 1
647 37 29 36 3 35 1
648 37 26 36 4 35 2
649 37 26 36 4 35 2
650 37 37 36 5 35 2
651 37 26 36 4 35 2
652 37 36 36 7 35 1
653 37 24 36 4 35 3
654 37 26 36 3 35 2
655 37 24 35 4 36 3
656 37 25 36 3 35 3
657 37 22 35 5 36 3
658 37 24 36 4 35 4
659 37 24 36 5 35 3
660 37 24 35 4 36 4
661 37 24 36 5 35 3
662 37 22 35 5 36 3
663 37 24 35 5 36 3
664 37 23 35 7 36 2
665 37 27 35 6 36 2
666 37 25 35 7 36 1
667 37 25 35 5 36 1
668 37 21 35 9 36 1
669 37 23 35 8 34 1
670 37 21 35 12 34 3
671 37 23 35 7 34 2
672 37 19 35 10 34 3
673 37 21 35 8 34 2
674 37 16 35 12 34 4
675 37 23 35 8 34 3
676 37 18 35 10 34 5
677 37 21 35 8 34 4
678 37 15 35 12 34 6
679 37 20 35 9 34 5
680 37 16 35 11 34 8
681 37 21 34 6 35 6
682 37 15 34 9 35 8
683 37 20 34 7 35 6
684 37 16 34 10 35 9
685 37 21 34 8 35 4
686 37 14 34 14 35 5
687 37 21 34 9 35 4
# Clase 37 domino por 226 generaciones
688 34 15 37 14 35 4
689 34 19 37 16 35 2
690 34 16 37 14 35 3
691 34 21 37 7 35 3
692 34 19 37 10 35 1
693 34 21 37 8 33 3
694 34 25 33 4 37 3
695 34 23 37 5 33 4
696 34 24 37 4 33 4
697 34 24 33 6 37 3
698 34 26 33 5 37 3
699 34 25 33 7 37 3
700 34 27 33 5 37 1
701 34 35 33 5 37 1
702 34 28 33 4 37 1
703 34 34 33 6 37 1
704 34 27 33 4 37 1
705 34 35 33 7 35 1
706 34 27 33 6 37 1
707 34 34 33 9 35 1
708 34 26 33 6 37 1
709 34 25 33 8 35 1
710 34 27 33 7 35 1
711 34 24 33 10 35 1
712 34 27 33 7 36 1
713 34 24 33 10 36 1
714 34 25 33 8 35 1
715 34 23 33 11 35 1
716 34 26 33 7 35 1
717 34 23 33 11 35 1
718 34 25 33 9 35 1
719 34 22 33 12 35 1
720 34 28 33 8 35 1
721 34 21 33 13 35 1
722 34 18 33 16 35 1
723 34 23 33 11 35 1
724 34 20 33 14 35 1
725 34 24 33 9 35 1
726 34 20 33 14 35 1
727 34 25 33 9 35 1
728 34 21 33 12 32 1
729 34 25 33 8 32 2
730 34 22 33 10 32 2
731 34 16 33 15 32 3
732 34 20 33 10 32 3
733 34 15 33 11 32 6
734 34 21 33 9 32 4
735 34 17 33 9 32 8
736 34 21 32 11 33 6
737 34 16 32 11 33 6
# Clase 34 domino por 50 generaciones
738 32 18 34 11 33 6
739 34 17 32 12 33 4
740 32 17 34 12 33 5
741 32 21 34 12 33 4
742 32 20 34 10 33 4
743 32 25 34 5 33 2
744 32 28 34 5 33 1
745 32 32 34 4 33 1
746 32 31 34 2 33 1
747 32 32 34 1 33 1
748 32 30 34 2 33 1
749 32 32 34 1 33 1
750 32 50 34 1 33 1
751 32 33 33 1 34 1
752 32 52 33 1 34 1
753 32 34 33 1 31 1
754 32 37 33 1 31 1
755 32 34 33 1 31 1
756 32 37 33 1 34 1
757 32 34 33 1 31 1
758 32 38 33 1 31 1
759 32 34 33 1 31 1
760 32 37 33 1 31 1
761 32 34 33 1 31 1
762 32 51 33 1 31 1
763 32 33 33 1 31 1
764 32 50 33 1 31 1
765 32 33 31 1 33 1
766 32 51 31 1 33 1
767 32 33 31 1 33 1
768 32 50 31 2 33 1
769 32 32 31 2 33 1
770 32 47 31 5 33 1
771 32 31 31 3 33 1
772 32 47 31 5 33 1
773 32 29 31 3 33 1
774 32 44 31 4 33 1
775 32 29 31 3 33 1
776 32 43 31 6 33 1
777 32 29 31 4 33 1
778 32 42 31 7 33 1
779 32 28 31 5 33 1
780 32 40 31 8 33 1
781 32 27 31 6 33 1
782 32 24 31 9 33 1
783 32 26 31 7 33 1
784 32 24 31 10 33 1
785 32 25 31 8 33 1
786 32 22 31 13 33 1
787 32 24 31 9 33 1
788 32 19 31 14 62 1
789 32 23 31 10 33 1
790 32 21 31 13 33 1
791 32 25 31 8 33 1
792 32 22 31 11 33 1
793 32 28 31 8 33 1
794 32 22 31 12 33 1
795 32 29 31 7 33 1
796 32 21 31 11 64 1
797 32 28 31 8 33 1
798 32 23 31 9 33 1
799 32 22 31 9 33 1
800 32 24 31 7 33 2
801 32 21 31 8 33 3
802 32 24 31 6 33 3
803 32 20 31 8 33 3
804 32 24 31 6 33 3
805 32 21 31 8 33 2
806 32 22 31 7 33 1
807 32 26 31 10 29 2
808 32 22 31 8 29 2
809 32 23 31 10 29 6
810 32 20 31 6 29 4
811 32 13 31 10 29 10
812 32 14 29 13 31 5
# Clase 32 domino por 73 generaciones
813 29 15 32 11 31 5
814 29 23 32 6 31 4
815 29 23 32 7 31 3
816 29 27 32 4 31 1
817 29 31 32 4 31 1
818 29 31 32 1 31 1
819 29 38 32 1 31 1
820 29 30 32 2 28 1
821 29 41 32 1 31 1
822 29 32 32 1 31 1
823 29 42 31 1 32 1
824 29 33 31 1 30 1
825 29 32 31 1 30 1
826 29 34 31 1 30 1
827 29 29 161 1 30 1
828 29 36 30 1 31 1
829 29 31 30 1 31 1
830 29 39 30 2 31 1
831 29 32 30 1 31 1
832 29 41 30 1 31 1
833 29 33 30 1 31 1
834 29 31 30 1 31 1
835 29 34 30 2 31 1
836 29 31 30 1 31 1
837 29 45 30 1 31 1
838 29 32 30 1 31 1
839 29 47 31 1 30 1
840 29 32 30 1 31 1
841 29 32 31 1 30 1
842 29 33 30 2 31 1
843 29 31 31 1 30 1
844 29 47 31 2 30 1
845 29 32 30 1 31 1
846 29 31 30 2 31 1
847 29 33 30 1 31 1
848 29 32 30 2 31 1
849 29 33 30 1 31 1
850 29 32 30 1 31 1
851 29 51 30 2 31 1
852 29 31 30 1 31 1
853 29 31 30 2 31 1
854 29 45 30 1 31 1
855 29 32 30 1 31 1
856 29 51 30 2 31 1
857 29 32 30 1 31 1
858 29 33 30 1 31 1
859 29 53 31 1 30 1
860 29 32 30 1 31 1
861 29 32 30 2 31 1
862 29 44 30 2 31 1
863 29 32 30 1 31 1
864 29 31 30 1 31 1
865 29 33 30 1 31 1
866 29 32 30 2 31 1
867 29 52 30 2 31 1
868 29 32 30 1 31 1
869 29 32 30 1 31 1
870 29 33 30 1 31 1
871 29 32 30 1 31 1
872 29 44 30 2 31 1
873 29 32 30 1 31 1
874 29 31 30 2 31 1
875 29 32 30 1 31 1
876 29 32 30 1 31 1
877 29 43 30 2 31 1
878 29 32 30 2 31 1
879 29 50 30 2 31 1
880 29 32 30 1 31 1
881 29 32 30 1 31 1
882 29 33 30 1 31 1
883 29 32 30 1 31 1
884 29 43 30 2 31 1
885 29 31 30 1 31 1
886 29 31 30 1 31 1
887 29 31 30 1 28 1
888 29 30 30 2 28 1
889 29 42 30 2 61 1
890 29 31 30 1 28 1
891 29 48 30 2 31 1
892 29 31 30 1 31 1
893 29 31 30 1 31 1
894 29 32 30 1 31 1
895 29 30 30 2 31 1
896 29 40 30 2 31 1
897 29 30 30 2 28 1
898 29 47 30 3 28 1
899 29 31 30 2 28 1
900 29 31 30 2 28 1
901 29 32 30 2 31 1
902 29 30 30 2 28 1
903 29 43 30 3 31 1
904 29 30 30 2 27 1
905 29 42 30 3 27 2
906 29 29 30 2 27 2
907 29 28 27 3 30 2
908 29 29 30 3 27 2
909 29 27 27 4 30 2
910 29 28 27 6 30 3
911 29 26 27 5 30 2
912 29 24 27 7 30 2
913 29 25 27 7 30 1
914 29 23 27 9 30 1
915 29 23 27 14 30 2
916 29 18 27 14 30 1
# Clase 29 domino por 104 generaciones
917 27 18 29 16 30 1
918 27 22 29 11 31 1
919 27 22 29 13 31 1
920 27 21 29 12 31 1
921 27 23 29 9 31 1
922 27 24 29 5 26 3
923 27 19 29 5 25 4
924 27 15 25 6 26 5
925 27 12 25 11 26 5
# Clase 27 domino por 9 generaciones
926 26 11 27 9 25 8
927 26 15 25 7 27 6
928 26 24 25 8 27 6
929 26 36 25 8 27 7
930 26 20 27 6 25 4
931 26 26 25 4 27 3
932 26 36 25 8 27 4
933 26 23 27 4 25 4
934 26 27 27 3 25 3
935 26 44 25 6 27 4
936 26 28 27 3 25 3
937 26 30 25 2 27 2
938 26 27 27 4 25 2
939 26 31 25 2 27 1
940 26 31 25 2 27 1
941 26 31 25 2 27 1
942 26 31 25 2 27 2
943 26 30 25 2 27 1
944 26 28 27 3 25 2
945 26 28 27 2 25 1
946 26 43 27 1 25 1
947 26 29 27 2 25 1
948 26 29 27 2 28 1
949 26 49 27 3 25 1
950 26 31 27 2 29 1
951 26 51 27 2 25 1
952 26 29 27 2 28 2
953 26 28 27 2 28 1
954 26 44 27 3 25 2
955 26 26 27 2 28 1
956 26 27 27 3 28 1
957 26 43 27 2 25 1
958 26 29 27 3 28 1
959 26 43 27 2 25 1
960 26 29 27 2 28 1
961 26 31 27 2 25 1
962 26 29 27 2 28 1
963 26 31 27 2 25 1
964 26 28 27 2 25 1
965 26 31 27 1 25 1
966 26 30 27 2 25 1
967 26 32 25 1 28 1
968 26 47 25 3 27 2
969 26 29 27 2 25 1
970 26 32 27 2 25 1
971 26 30 27 3 25 1
972 26 30 27 2 25 2
973 26 48 25 3 27 2
974 26 29 27 2 25 2
975 26 42 25 2 27 1
976 26 29 27 2 25 2
977 26 33 25 2 27 1
978 26 28 27 2 25 2
979 26 31 25 2 27 1
980 26 32 25 2 27 1
981 26 30 25 2 27 1
982 26 42 25 2 27 1
983 26 31 27 2 25 1
984 26 34 27 1 28 1
985 26 30 27 2 28 1
986 26 25 88 2 27 2
987 26 26 27 4 28 1
988 26 43 27 2 28 1
989 26 32 27 2 28 1
990 26 33 27 1 28 1
991 26 31 27 2 28 1
992 26 33 27 1 28 1
993 26 32 27 2 28 1
994 26 33 27 1 28 1
995 26 32 27 1 28 1
996 26 32 27 1 82 1
997 26 52 27 2 28 1
998 26 31 27 3 28 1
999 26 43 27 2 25 1
