#exp = 1.0
#define BG_MUTATION_RATE 20000
#define CPU_MUTATION_RATE 10000
#define COPY_MUTATION_RATE 7000
#define GENOMA_SAVE_RATE 100
#define SEARCH_LIMIT 150
0 80 38 79 3 160 1
1 80 29 81 3 79 2
2 80 37 81 2 79 1
3 80 29 81 4 79 1
4 80 29 79 4 81 1
5 80 38 79 3 81 1
6 80 25 79 4 81 4
7 80 34 79 1 81 1
8 80 26 81 5 79 4
9 80 29 81 1 79 1
10 80 30 67 3 78 3
11 80 23 81 3 126 3
12 80 29 81 3 82 1
13 80 29 81 1 82 1
14 80 28 72 3 68 2
15 80 30 81 1 78 1
16 80 32 78 1 165 1
17 80 32 78 1 81 1
18 80 34 79 1 81 1
19 80 30 81 3 79 2
20 80 32 79 3 81 1
21 80 29 79 4 81 1
22 80 29 79 4 81 1
23 80 33 79 5 81 3
24 80 20 81 7 79 5
25 80 30 79 8 81 3
26 80 28 81 4 79 2
27 80 33 79 2 81 1
28 80 30 79 2 81 1
29 80 29 65 2 79 1
30 80 27 81 3 91 3
31 80 19 165 7 81 2
32 80 24 81 3 79 1
33 80 27 81 2 79 1
34 80 44 81 3 79 1
35 80 30 81 1 79 1
36 80 38 81 2 79 1
37 80 33 81 2 79 1
38 80 36 81 1 79 1
39 80 34 81 2 100 1
40 80 33 81 2 79 1
41 80 31 81 2 78 1
42 80 32 81 2 78 1
43 80 28 78 3 81 2
44 80 32 81 1 78 1
45 80 28 81 3 63 1
46 80 29 164 1 81 1
47 80 28 79 2 166 2
48 80 28 76 2 82 1
49 80 32 76 2 82 1
50 80 25 81 1 76 1
51 80 24 76 3 81 2
52 80 23 78 3 76 2
53 80 25 76 3 79 1
54 80 35 76 6 79 2
55 80 20 76 7 82 2
56 80 17 76 6 81 3
57 80 15 76 9 81 2
58 80 23 76 17 81 3
59 80 14 76 10 75 2
60 80 18 76 14 81 2
61 80 15 76 14 81 1
# Clase 80 domino por 62 generaciones
62 76 20 80 9 90 3
63 76 20 80 5 77 3
64 76 26 80 7 77 3
65 76 20 80 5 77 3
66 76 23 80 4 77 2
67 76 23 77 3 80 3
68 76 21 79 3 77 3
69 76 22 79 3 80 2
70 76 22 79 4 80 2
71 76 24 79 4 77 3
72 76 23 79 2 77 1
73 76 28 79 5 75 4
74 76 19 79 3 75 2
75 76 26 79 5 75 3
76 76 19 79 4 77 2
77 76 22 79 5 75 2
78 76 18 79 5 77 5
79 76 18 79 7 122 2
80 76 14 79 5 77 4
81 76 15 79 6 77 5
82 76 13 77 5 79 5
83 76 13 77 5 79 4
84 76 12 77 7 79 3
85 76 15 79 5 77 4
86 76 20 77 5 79 4
87 76 13 77 3 79 3
88 76 17 79 5 78 4
89 76 11 79 4 77 3
90 76 15 79 4 77 4
91 76 13 79 3 75 3
92 76 9 77 7 75 7
93 76 8 78 4 77 4
94 76 9 78 5 77 5
95 76 9 78 4 75 4
96 76 10 75 4 77 4
97 76 10 79 4 75 3
98 76 8 78 7 75 3
99 76 8 78 4 75 3
100 76 7 78 4 75 3
101 76 8 148 4 75 3
102 76 8 78 4 75 4
103 76 10 75 4 78 4
104 76 9 78 4 75 3
105 76 9 75 5 78 4
106 76 6 75 6 78 5
107 76 9 78 6 75 6
# Clase 76 domino por 46 generaciones
108 75 9 76 6 77 6
109 76 7 75 7 78 4
110 75 8 76 7 79 4
111 75 8 76 8 125 4
112 75 7 76 6 79 4
113 75 9 76 7 79 4
114 75 8 76 4 79 3
# Clase 75 domino por 5 generaciones
115 148 4 75 4 76 3
116 75 4 148 4 76 4
117 76 5 155 4 75 3
118 78 4 76 4 75 4
119 76 6 153 4 77 3
120 153 6 77 6 76 4
121 77 7 153 7 76 5
122 77 11 153 6 76 5
123 77 13 76 7 153 5
124 77 11 76 4 153 4
125 77 13 76 4 153 2
126 77 14 76 4 78 2
127 77 17 76 4 78 2
128 77 18 76 3 78 2
129 77 21 76 4 152 2
130 77 14 76 6 78 2
131 77 14 76 5 78 3
132 77 16 76 6 78 2
133 77 16 76 7 144 1
134 77 16 76 8 144 2
135 77 19 76 11 144 3
136 77 16 76 7 83 2
137 77 17 76 7 78 2
138 77 14 76 6 75 3
139 77 15 76 6 83 2
140 77 16 76 8 82 1
141 77 17 76 6 78 2
142 77 20 76 7 82 2
143 77 25 76 9 82 3
144 77 27 76 11 82 3
145 77 15 76 6 82 2
146 77 16 76 8 79 3
147 77 15 76 7 78 2
148 77 16 76 7 79 2
149 77 15 76 6 79 2
150 77 17 76 8 79 2
151 77 20 76 7 75 2
152 77 26 76 10 75 2
153 77 26 76 13 79 2
154 77 15 76 9 79 2
155 77 14 76 9 78 3
156 77 17 76 7 78 2
157 77 18 76 7 79 2
158 77 18 76 5 79 2
159 77 18 76 5 80 3
160 77 22 76 6 79 4
161 77 20 76 7 78 3
162 77 26 76 8 78 4
163 77 23 76 5 78 5
164 77 17 76 5 78 3
165 77 18 76 6 80 2
166 77 16 76 7 78 2
167 77 18 76 7 78 3
168 77 25 76 10 78 4
169 77 16 76 5 78 3
170 77 17 76 4 78 3
171 77 15 76 4 78 3
172 77 16 76 4 79 3
173 77 15 76 3 79 3
174 77 16 79 3 76 3
175 77 17 79 3 76 2
176 77 22 76 4 79 3
177 77 23 81 4 76 4
178 77 14 76 3 79 3
179 77 16 80 2 76 2
180 77 14 75 3 81 3
181 77 13 80 3 76 3
182 77 15 76 3 80 2
183 77 14 76 3 75 3
184 77 15 75 4 80 3
185 77 16 75 5 76 4
186 77 16 75 5 80 4
187 77 20 76 4 75 4
188 77 20 76 3 82 2
189 77 17 76 2 82 2
190 77 17 76 2 80 2
191 77 15 76 4 97 3
192 77 14 76 3 80 2
193 77 12 82 3 76 3
194 77 12 76 3 82 3
195 77 11 76 3 82 3
196 77 11 76 3 82 2
197 77 15 76 3 82 3
198 77 20 82 5 80 3
199 77 19 81 6 82 5
200 77 9 81 4 82 3
201 77 8 81 4 82 3
202 77 9 80 4 81 3
203 77 9 81 4 80 4
204 77 9 81 4 80 4
205 77 7 80 4 81 3
206 77 7 80 5 81 3
207 77 7 80 4 76 4
208 77 8 76 5 80 4
209 77 9 76 6 80 6
210 77 9 76 6 80 6
211 77 9 76 8 80 5
212 77 6 76 5 80 4
# Clase 77 domino por 92 generaciones
213 76 6 77 5 80 5
214 76 6 77 5 80 5
215 76 6 77 5 80 4
216 76 7 77 4 80 4
217 76 6 80 4 77 4
218 76 7 80 4 83 3
219 76 9 80 4 77 3
220 76 9 80 4 77 3
221 76 10 80 4 77 3
222 76 10 80 5 77 3
223 76 10 80 5 77 4
224 76 7 80 5 77 3
# Clase 76 domino por 12 generaciones
225 80 5 76 4 77 2
226 80 4 76 4 77 3
# Clase 80 domino por 2 generaciones
227 76 4 80 3 81 3
228 80 3 77 3 76 3
229 77 4 83 4 76 3
230 77 3 76 3 80 2
231 77 4 83 3 80 3
# Clase 77 domino por 3 generaciones
232 80 4 83 3 77 3
233 80 4 77 3 83 3
# Clase 80 domino por 2 generaciones
234 83 3 80 3 77 2
235 77 4 83 3 80 2
236 77 6 83 4 80 2
237 77 4 83 3 80 2
238 77 6 83 4 80 2
239 77 6 83 4 80 2
240 77 6 83 3 84 2
241 77 7 83 4 86 2
242 77 7 83 3 86 3
243 77 6 83 6 86 3
# Clase 77 domino por 9 generaciones
244 84 5 83 3 77 3
245 83 4 81 3 77 2
246 83 4 77 2 81 2
247 83 3 81 2 77 2
248 83 4 81 2 77 2
249 83 3 91 2 81 2
# Clase 83 domino por 5 generaciones
250 88 4 83 3 81 2
251 90 3 83 3 91 2
252 83 4 91 2 86 2
253 87 4 83 3 91 2
254 83 3 90 2 86 2
255 83 4 86 2 85 2
256 83 3 84 3 86 2
257 83 3 89 2 86 2
# Clase 83 domino por 4 generaciones
258 89 3 88 3 104 2
259 87 2 83 2 89 2
260 86 2 83 2 84 2
261 83 2 91 2 84 2
262 91 2 88 2 83 2
263 91 2 83 2 93 2
264 91 3 83 3 88 2
265 91 3 83 3 93 2
266 91 3 83 3 88 2
# Clase 91 domino por 5 generaciones
267 83 3 91 3 88 2
268 93 4 83 3 88 3
269 83 3 93 2 85 2
270 83 3 93 2 85 2
271 83 3 91 2 85 2
# Clase 83 domino por 3 generaciones
272 91 2 83 2 85 2
273 91 3 83 2 85 2
274 91 3 85 2 87 2
275 91 4 87 2 85 2
276 91 3 85 2 87 2
# Clase 91 domino por 5 generaciones
277 85 3 91 3 87 2
278 85 3 91 3 87 2
# Clase 85 domino por 2 generaciones
279 91 3 85 2 92 2
280 91 3 85 3 92 3
281 91 3 85 3 92 2
282 91 3 85 3 87 2
283 91 3 85 2 87 2
284 91 2 85 2 87 2
285 91 3 87 2 85 2
286 91 4 85 3 89 2
287 91 4 85 2 89 2
288 91 3 87 2 92 2
289 91 3 89 2 92 2
290 91 3 89 2 92 2
# Clase 91 domino por 12 generaciones
291 92 3 91 2 85 2
292 91 3 92 2 87 2
293 91 3 92 2 89 2
294 91 3 92 2 89 2
295 91 3 89 2 92 2
296 91 2 89 2 92 2
297 91 3 92 2 89 2
# Clase 91 domino por 6 generaciones
298 92 3 91 2 88 2
299 106 3 92 2 91 2
300 99 3 92 2 91 2
301 92 3 91 2 85 2
302 91 2 92 2 87 2
303 91 3 94 2 85 2
# Clase 91 domino por 2 generaciones
304 94 2 91 2 99 2
305 94 2 91 2 99 2
306 94 2 91 2 85 2
# Clase 94 domino por 3 generaciones
307 93 2 85 2 94 2
308 93 2 94 2 99 2
# Clase 93 domino por 2 generaciones
309 88 5 87 3 93 2
310 88 2 93 2 91 2
# Clase 88 domino por 2 generaciones
311 94 2 99 2 88 2
312 91 2 94 2 95 2
313 99 2 94 2 88 2
314 94 2 99 2 91 2
315 142 2 94 2 91 1
316 142 4 117 2 114 2
# Clase 142 domino por 2 generaciones
317 117 5 142 4 116 2
318 142 5 152 3 117 2
319 152 3 142 3 139 2
320 138 5 152 4 142 4
321 142 6 138 3 145 3
322 141 4 143 3 164 3
323 143 8 142 5 145 4
324 143 5 142 4 149 3
# Clase 143 domino por 2 generaciones
325 142 3 135 2 132 2
326 141 4 134 4 139 3
327 123 3 137 3 118 3
328 118 3 115 2 106 2
329 134 5 118 4 106 3
330 118 6 121 6 134 5
331 118 5 121 2 115 2
332 118 4 121 3 106 3
333 118 6 119 3 115 2
334 118 7 117 6 78 1
335 118 9 117 6 132 2
336 118 8 117 6 113 2
337 118 7 120 3 178 3
338 118 10 114 7 119 3
339 118 8 114 7 115 3
# Clase 118 domino por 10 generaciones
340 114 5 118 5 154 3
341 114 9 113 5 116 4
# Clase 114 domino por 2 generaciones
342 113 7 116 4 114 3
343 114 8 113 6 111 5
344 114 8 113 7 111 4
# Clase 114 domino por 2 generaciones
345 112 3 110 3 114 3
346 113 5 114 4 110 3
347 113 5 112 4 110 4
# Clase 113 domino por 2 generaciones
348 109 4 113 4 114 3
349 113 7 109 6 110 5
350 114 4 110 4 113 4
351 110 6 114 5 113 5
352 110 4 111 4 113 4
# Clase 110 domino por 2 generaciones
353 113 6 111 5 110 4
354 113 8 111 7 110 7
# Clase 113 domino por 2 generaciones
355 110 4 113 4 111 3
356 111 5 113 3 110 3
357 114 7 110 5 111 5
358 114 4 111 3 110 3
# Clase 114 domino por 2 generaciones
359 110 4 113 3 111 3
360 113 4 110 4 111 3
361 110 6 121 5 113 5
362 121 6 120 2 111 2
363 121 7 110 2 120 2
364 121 9 122 5 113 3
365 121 4 122 4 120 3
366 121 5 122 4 118 3
# Clase 121 domino por 5 generaciones
367 122 5 118 4 121 4
368 122 6 118 5 117 4
369 122 3 117 3 121 2
370 122 3 117 3 121 2
371 122 3 117 3 120 3
372 122 4 120 3 121 3
373 122 6 120 4 117 4
374 122 4 118 3 120 2
375 122 3 119 2 118 2
# Clase 122 domino por 9 generaciones
376 120 6 122 4 118 4
377 118 5 119 4 113 4
378 118 5 119 3 121 3
379 118 9 122 5 121 4
380 118 9 121 4 122 4
# Clase 118 domino por 4 generaciones
381 122 5 118 5 117 3
382 118 8 122 6 120 6
383 118 5 122 4 120 3
384 118 6 120 4 121 2
385 118 6 120 5 119 3
386 118 5 120 4 117 2
387 118 7 120 4 117 4
388 118 5 120 3 115 3
389 118 8 120 4 115 4
390 118 7 115 2 120 2
391 118 9 120 5 115 3
392 118 6 121 5 117 3
393 118 6 115 5 101 3
394 118 5 119 2 97 2
395 118 5 81 3 119 2
396 118 6 120 2 127 2
397 118 9 121 6 120 3
398 118 9 120 4 115 3
# Clase 118 domino por 17 generaciones
399 120 4 118 4 122 2
400 118 5 119 2 99 2
401 118 6 122 4 120 2
402 118 6 119 3 117 3
403 118 6 117 4 119 3
404 118 7 117 5 119 4
405 118 7 119 6 116 5
# Clase 118 domino por 6 generaciones
406 119 5 118 5 117 4
407 119 6 117 6 118 5
408 119 8 117 6 118 5
# Clase 119 domino por 3 generaciones
409 117 8 119 6 118 3
410 117 10 119 8 120 5
411 117 10 119 7 118 4
412 117 10 119 7 118 4
413 117 13 119 10 120 10
414 117 10 119 6 118 4
415 117 9 119 7 118 6
416 117 11 119 7 120 7
417 117 6 120 5 119 5
# Clase 117 domino por 9 generaciones
418 118 6 117 6 120 5
419 118 8 117 7 119 7
# Clase 118 domino por 2 generaciones
420 119 7 117 5 118 5
421 119 5 118 5 117 5
422 119 6 118 5 117 5
423 119 9 118 7 117 6
424 119 7 118 4 117 4
425 119 9 117 4 121 4
426 119 9 121 8 117 5
427 119 7 121 5 118 4
428 119 12 121 8 118 6
429 119 8 122 6 121 4
430 119 9 121 6 120 5
431 119 7 121 5 120 5
432 119 7 121 6 120 5
433 119 9 121 7 120 5
434 119 8 120 5 121 5
435 119 9 121 6 118 6
# Clase 119 domino por 16 generaciones
436 121 5 119 5 118 5
437 121 8 119 7 118 4
438 121 8 118 7 119 6
# Clase 121 domino por 3 generaciones
439 118 6 121 4 119 4
440 118 7 119 6 116 4
441 118 10 119 6 116 6
# Clase 118 domino por 3 generaciones
442 116 9 119 6 118 6
443 116 9 118 5 119 4
444 116 11 118 5 119 4
445 116 11 118 7 117 4
446 116 17 118 9 113 3
447 116 14 118 8 113 2
448 116 14 118 10 113 4
449 116 12 118 6 115 3
450 116 11 118 7 117 5
451 116 15 118 9 117 4
452 116 13 118 7 117 3
453 116 15 118 10 117 4
454 116 17 118 8 117 4
455 116 12 118 5 117 2
456 116 16 118 7 117 4
457 116 10 118 4 117 3
458 116 15 118 8 117 3
459 116 13 118 7 117 3
460 116 8 117 4 118 4
461 116 12 118 7 117 7
462 116 8 117 5 118 5
463 116 11 115 8 117 8
# Clase 116 domino por 22 generaciones
464 115 10 117 7 116 7
465 115 9 117 7 116 7
466 115 15 117 12 116 8
467 115 12 117 5 118 4
468 115 9 117 5 118 4
469 115 13 117 9 118 6
470 115 9 117 5 118 5
471 115 7 118 6 117 5
472 115 8 117 7 118 6
473 115 7 117 5 118 4
474 115 13 117 9 118 5
475 115 9 117 8 120 2
476 115 17 117 16 119 4
477 115 14 117 11 119 2
478 115 3 136 3 117 3
479 115 5 117 4 116 3
480 115 6 191 4 117 4
481 115 7 117 6 118 1
482 115 9 117 6 116 4
483 115 5 117 4 133 4
484 115 7 117 6 116 4
# Clase 115 domino por 21 generaciones
485 116 6 115 5 114 5
486 117 6 115 5 116 5
487 117 9 116 7 115 6
488 117 9 114 5 115 5
489 117 12 115 9 116 8
490 117 9 116 5 114 5
# Clase 117 domino por 5 generaciones
491 116 5 115 5 119 4
492 115 4 114 4 116 4
493 114 9 115 6 116 4
494 114 9 116 5 115 5
495 114 10 116 7 115 7
496 114 8 115 5 116 5
497 114 7 115 6 116 4
# Clase 114 domino por 5 generaciones
498 115 9 114 8 116 6
499 114 6 115 6 116 3
500 115 6 114 6 116 4
501 115 7 114 6 116 5
502 115 5 114 5 111 4
# Clase 115 domino por 3 generaciones
503 114 7 115 6 116 3
504 114 8 115 8 116 4
505 114 11 115 9 117 6
506 114 11 115 6 116 3
507 114 13 115 6 116 3
508 114 17 115 7 116 5
509 114 14 116 4 115 4
510 114 15 116 4 115 4
511 114 16 115 7 116 6
512 114 16 116 4 115 4
513 114 19 116 8 115 5
514 114 18 116 5 115 3
515 114 19 116 6 115 5
516 114 21 116 6 115 6
517 114 16 116 5 115 5
518 114 21 115 9 116 7
519 114 14 116 7 115 4
520 114 17 116 7 115 5
521 114 13 116 5 115 4
522 114 13 116 5 113 5
523 114 14 116 6 113 4
524 114 18 116 8 115 2
525 114 16 116 8 115 2
526 114 22 116 11 115 4
527 114 15 116 10 115 2
528 114 11 116 5 171 4
529 114 16 116 7 115 2
530 114 14 116 5 115 2
531 114 18 116 8 112 3
532 114 11 116 6 115 2
533 114 11 116 10 117 4
534 114 9 116 7 115 3
535 114 9 116 5 115 5
# Clase 114 domino por 33 generaciones
536 115 5 114 5 116 3
537 114 8 115 6 116 5
538 115 4 114 4 113 3
539 114 5 115 5 116 2
540 114 7 115 5 113 5
541 114 6 113 5 116 4
542 114 7 113 4 115 4
543 114 8 116 8 115 4
544 114 6 117 5 115 4
# Clase 114 domino por 6 generaciones
545 118 7 114 6 111 4
546 114 7 115 3 107 3
547 114 8 108 5 116 4
548 114 6 112 4 113 3
549 114 6 109 6 111 4
# Clase 114 domino por 4 generaciones
550 109 5 112 4 101 3
551 112 4 106 3 114 3
552 114 3 109 3 106 2
553 105 2 126 2 103 2
554 107 4 105 4 103 4
555 103 4 105 3 104 3
556 99 5 104 5 105 4
557 99 6 104 4 102 3
558 99 5 101 4 103 2
559 99 9 101 5 98 4
560 99 5 101 4 97 3
561 99 5 102 4 97 4
562 99 5 97 3 95 3
# Clase 99 domino por 7 generaciones
563 97 4 99 4 96 3
564 96 7 97 5 99 4
565 96 4 97 4 95 3
# Clase 96 domino por 2 generaciones
566 95 5 96 5 97 4
567 97 6 96 4 95 3
568 97 4 93 3 96 3
# Clase 97 domino por 2 generaciones
569 96 6 97 6 95 5
570 96 4 95 4 97 3
571 96 6 97 4 95 4
# Clase 96 domino por 3 generaciones
572 95 7 96 5 97 5
573 95 6 97 4 96 3
574 95 7 97 4 96 4
575 95 10 97 6 94 6
576 95 7 96 4 97 3
577 95 6 94 4 97 4
578 95 7 94 6 97 4
579 95 7 94 5 97 4
580 95 7 94 4 97 3
581 95 7 94 5 96 3
582 95 10 94 7 99 4
583 95 8 94 5 96 3
584 95 6 94 5 96 3
585 95 7 94 5 96 3
586 95 9 94 6 96 4
587 95 9 94 8 97 3
588 95 8 94 4 96 3
589 95 8 94 4 97 3
590 95 8 94 4 97 3
591 95 10 94 7 97 4
592 95 10 94 4 96 3
593 95 8 94 4 93 3
594 95 8 93 4 94 3
595 95 8 93 5 94 3
596 95 10 93 6 94 5
597 95 9 94 5 93 5
598 95 5 93 4 94 4
599 95 5 93 5 94 3
# Clase 95 domino por 28 generaciones
600 93 4 95 4 92 4
601 93 7 95 5 94 5
602 93 5 92 4 94 3
603 93 4 92 4 94 3
604 93 4 94 4 92 4
# Clase 93 domino por 5 generaciones
605 95 5 92 4 93 4
606 95 4 93 3 92 3
# Clase 95 domino por 2 generaciones
607 93 4 92 3 94 2
608 93 4 92 3 94 3
# Clase 93 domino por 2 generaciones
609 92 4 93 4 106 4
610 93 4 94 3 92 3
611 93 3 94 3 92 2
612 93 4 100 2 94 2
613 93 6 92 3 100 3
614 93 4 97 2 100 2
615 93 4 94 2 100 2
616 93 3 98 2 97 2
617 93 4 97 3 98 3
618 93 4 94 2 98 1
619 93 4 109 2 99 2
620 93 5 109 4 108 3
621 93 4 109 3 108 3
# Clase 93 domino por 12 generaciones
622 98 4 93 3 108 3
623 93 3 98 2 108 2
624 93 5 108 4 96 3
# Clase 93 domino por 2 generaciones
625 90 3 94 3 92 2
626 90 5 94 4 93 3
627 90 5 93 3 91 3
628 90 6 94 3 89 3
629 90 8 89 6 94 4
630 90 9 89 9 88 4
# Clase 90 domino por 6 generaciones
631 89 9 90 9 88 5
632 90 12 89 12 88 6
633 90 9 89 8 88 6
634 90 8 89 6 88 6
635 90 10 88 8 89 8
636 90 7 89 6 88 6
637 90 11 89 10 88 7
# Clase 90 domino por 6 generaciones
638 89 8 90 8 88 5
639 90 13 89 10 88 8
640 90 7 89 6 91 6
641 90 8 89 8 91 5
# Clase 90 domino por 3 generaciones
642 89 11 90 10 91 4
643 89 10 90 8 91 4
# Clase 89 domino por 2 generaciones
644 90 17 89 13 91 4
645 89 10 90 7 88 4
646 89 9 90 6 88 6
647 89 12 90 12 88 8
648 89 8 88 4 90 4
649 89 9 88 6 90 5
650 89 13 88 9 90 6
651 89 10 88 7 90 5
652 89 15 90 8 88 8
653 89 9 88 6 90 6
654 89 9 88 6 91 5
655 89 10 88 9 91 8
# Clase 89 domino por 11 generaciones
656 88 9 89 8 91 6
657 89 9 91 6 88 5
658 89 8 88 4 87 4
659 89 10 88 5 94 4
660 89 15 88 9 87 4
661 89 10 88 8 87 5
662 89 12 88 10 87 9
663 89 9 88 8 87 7
# Clase 89 domino por 7 generaciones
664 88 11 89 11 87 10
665 88 10 87 8 89 5
# Clase 88 domino por 2 generaciones
666 87 9 88 9 89 3
667 88 13 87 13 86 5
668 87 9 88 9 86 4
669 88 12 87 10 86 5
670 87 10 88 10 86 5
671 87 8 88 7 86 5
672 87 9 88 8 93 4
# Clase 87 domino por 3 generaciones
673 88 10 87 9 86 3
674 87 10 88 9 86 4
675 87 10 88 8 86 5
676 87 9 88 5 86 4
677 87 15 88 9 86 4
678 87 8 88 6 86 4
679 87 10 88 8 86 7
680 87 7 88 5 86 4
681 87 10 88 7 85 7
# Clase 87 domino por 8 generaciones
682 84 8 85 7 87 6
683 84 7 85 6 87 6
# Clase 84 domino por 2 generaciones
684 85 8 84 8 87 6
685 87 7 85 5 88 5
686 85 9 87 7 88 6
687 85 7 88 6 87 6
688 85 8 88 6 86 4
689 85 10 88 7 86 6
690 85 7 99 6 88 5
# Clase 85 domino por 5 generaciones
691 88 7 85 5 86 4
692 85 5 88 4 86 4
693 85 9 88 7 86 7
# Clase 85 domino por 2 generaciones
694 86 7 85 6 87 5
695 86 7 85 6 87 3
# Clase 86 domino por 2 generaciones
696 85 9 86 9 83 5
697 85 7 86 6 87 3
# Clase 85 domino por 2 generaciones
698 86 6 85 6 81 4
699 86 6 85 5 89 4
# Clase 86 domino por 2 generaciones
700 88 6 86 5 85 5
701 87 4 88 4 81 3
702 88 5 85 4 83 3
703 84 3 83 3 85 3
704 81 3 76 2 89 2
705 90 3 134 3 148 2
706 80 3 56 2 91 2
707 97 2 80 2 85 1
708 93 2 94 2 88 2
709 137 2 101 2 105 1
710 81 2 88 2 89 1
711 88 1 81 1 114 1
712 82 2 75 2 77 1
713 82 3 81 2 85 2
714 82 5 78 4 84 3
715 82 7 81 6 84 5
# Clase 82 domino por 4 generaciones
716 97 2 161 2 99 2
717 128 3 140 2 117 2
718 148 3 155 2 128 2
719 118 1 102 1 86 1
720 109 2 74 1 76 1
721 137 2 96 2 154 2
722 82 2 94 2 55 2
723 167 4 164 3 138 2
724 150 3 200 2 186 1
725 122 3 76 3 79 1
726 79 2 118 2 91 1
727 102 1 91 1 75 1
728 88 5 138 1 89 1
729 81 3 98 2 158 2
730 75 2 102 1 103 1
731 226 2 84 2 105 1
732 148 4 133 3 150 2
733 109 1 114 1 67 1
734 89 3 130 2 86 2
735 89 2 119 2 94 2
# Clase 89 domino por 2 generaciones
736 88 2 87 1 121 1
737 67 2 115 2 106 1
738 80 2 91 2 68 1
739 115 2 141 2 93 2
740 87 2 113 2 109 1
741 88 2 104 1 76 1
742 125 2 126 2 110 2
743 86 3 74 2 129 2
744 73 2 66 1 65 1
745 76 1 63 1 73 1
746 97 2 98 2 73 2
747 73 2 63 1 98 1
748 129 3 70 2 130 2
749 78 3 67 3 129 3
750 84 3 128 2 78 2
751 130 3 97 2 96 1
752 97 2 96 2 73 1
753 108 3 97 3 95 2
754 98 3 80 2 117 2
755 104 3 88 3 108 2
756 102 3 73 2 77 2
757 70 4 125 4 81 2
758 74 3 81 2 73 2
759 76 2 145 2 87 2
760 126 3 98 3 97 2
761 65 2 120 2 87 2
762 91 3 65 2 89 2
763 90 4 71 2 175 2
764 80 2 73 2 72 2
765 68 3 72 2 89 2
766 83 3 71 2 82 1
767 130 3 72 2 73 2
768 75 2 67 2 70 2
769 75 2 70 2 64 2
770 75 4 70 2 69 2
# Clase 75 domino por 3 generaciones
771 74 2 66 2 67 2
772 124 4 75 2 67 2
773 133 2 91 2 66 1
774 95 2 112 1 80 1
775 126 4 73 2 80 2
776 198 3 81 2 84 2
777 75 1 74 1 97 1
778 128 3 77 1 78 1
779 115 3 126 3 142 2
780 146 2 102 2 77 2
781 110 1 117 1 130 1
782 97 3 101 2 167 2
783 71 3 132 2 63 1
784 155 5 58 3 110 2
785 174 4 175 3 69 2
786 70 4 69 3 106 1
787 88 4 158 2 74 2
788 142 2 92 2 75 2
789 83 3 92 2 93 2
790 75 3 93 3 92 2
791 123 4 119 2 161 2
792 60 2 169 2 57 1
793 75 3 94 2 84 2
794 89 3 78 3 57 2
795 205 6 121 2 130 2
796 172 3 173 2 130 2
797 70 3 173 2 155 1
798 72 2 77 2 85 2
799 73 4 82 3 72 2
800 67 2 75 1 98 1
801 104 3 66 2 57 2
802 87 3 62 2 57 2
803 95 2 146 2 63 2
804 57 4 82 2 72 2
805 66 2 70 1 61 1
806 66 1 86 1 54 1
# Clase 66 domino por 2 generaciones
807 63 2 73 2 54 2
808 52 2 54 2 53 1
809 73 2 63 1 62 1
810 52 2 60 1 120 1
811 58 3 61 2 108 2
812 61 3 62 2 52 2
813 54 4 52 2 77 2
814 54 9 55 4 52 2
815 54 4 77 3 61 2
# Clase 54 domino por 3 generaciones
816 55 4 58 2 61 2
817 66 4 96 3 59 2
818 61 2 62 2 60 2
819 59 3 58 2 61 2
820 52 3 53 3 54 3
821 52 4 54 2 57 2
822 52 6 57 6 53 4
# Clase 52 domino por 3 generaciones
823 57 6 52 5 53 4
824 51 8 52 7 57 4
825 51 12 52 10 53 4
826 51 4 52 2 55 2
# Clase 51 domino por 3 generaciones
827 52 3 121 2 51 2
828 51 6 52 3 55 2
829 51 5 52 4 63 3
830 51 4 54 2 52 2
831 51 4 52 2 55 1
832 51 6 52 4 117 3
833 51 9 52 6 53 2
834 51 6 52 6 72 3
835 51 3 53 3 52 3
836 51 7 52 5 58 3
837 51 13 52 6 58 2
838 51 10 52 7 53 2
839 51 10 52 5 69 2
840 51 8 52 5 53 2
841 51 11 52 6 56 2
842 51 8 52 6 53 2
843 51 8 52 6 61 2
844 51 6 52 3 54 3
845 51 6 55 4 52 4
846 51 5 54 4 53 3
847 51 6 54 5 53 5
848 51 5 53 3 58 3
849 51 6 53 3 52 3
850 51 7 53 5 52 5
851 51 9 52 6 53 3
852 51 13 52 10 53 4
853 51 14 52 10 53 3
854 51 11 52 8 53 2
855 51 12 52 8 53 2
856 51 15 52 9 50 3
857 51 12 52 7 50 3
858 51 19 52 11 53 5
859 51 12 52 9 50 2
860 51 12 52 5 109 1
861 51 17 52 8 54 3
862 51 13 52 7 50 2
863 51 12 52 6 50 2
864 51 19 52 10 50 4
865 51 12 52 8 50 3
866 51 13 52 8 49 4
867 51 15 52 9 50 3
868 51 14 52 8 53 3
869 51 18 52 13 53 5
870 51 13 52 7 49 3
871 51 11 52 7 54 3
872 51 11 52 7 53 4
873 51 9 52 5 50 3
874 51 12 52 8 50 3
875 51 12 52 6 49 3
876 51 12 52 6 50 4
877 51 12 52 6 50 3
878 51 11 52 5 50 3
879 51 11 52 7 50 4
880 51 11 52 7 50 3
881 51 14 52 8 53 4
882 51 10 52 5 50 4
883 51 13 52 6 53 5
884 51 11 52 7 53 4
885 51 9 52 4 50 3
886 51 13 52 7 50 5
887 51 8 52 5 53 4
888 51 10 52 6 50 5
# Clase 51 domino por 61 generaciones
889 50 7 51 7 52 4
890 50 11 51 9 52 7
891 50 16 51 9 52 3
892 50 25 51 14 53 3
893 50 19 51 8 52 2
894 50 19 51 9 52 2
895 50 17 51 9 52 3
896 50 17 51 8 52 3
897 50 17 51 7 52 2
898 50 24 51 10 52 3
899 50 16 51 8 52 3
900 50 15 51 7 52 2
901 50 23 51 10 52 3
902 50 17 51 7 49 1
903 50 19 51 7 49 2
904 50 16 51 7 49 2
905 50 14 51 6 49 2
906 50 16 51 9 49 3
907 50 11 51 5 52 2
908 50 13 51 6 49 2
909 50 22 51 10 49 4
910 50 17 51 6 49 3
911 50 16 51 5 46 1
912 50 8 51 2 46 2
913 50 12 51 5 53 3
914 50 10 51 5 53 3
915 50 8 49 3 51 3
916 50 9 49 5 40 4
# Clase 50 domino por 28 generaciones
917 40 5 50 5 41 4
918 40 9 41 6 50 2
919 40 6 41 6 50 4
920 40 6 41 6 53 2
921 40 6 41 4 76 2
922 40 3 41 3 54 2
923 40 3 41 3 58 2
# Clase 40 domino por 7 generaciones
924 86 2 50 2 68 1
925 128 3 67 2 40 2
926 40 3 41 2 59 2
927 40 2 59 2 41 2
# Clase 40 domino por 2 generaciones
928 94 2 51 2 40 2
929 111 4 40 2 94 2
930 40 3 41 2 59 2
931 40 3 41 2 192 2
932 40 3 41 2 93 2
933 40 4 41 2 84 2
934 40 3 60 2 41 2
# Clase 40 domino por 5 generaciones
935 60 2 88 2 59 1
936 59 3 60 3 70 1
937 67 2 61 2 69 2
938 61 3 63 2 62 2
939 91 3 43 2 53 1
940 65 2 146 2 62 1
941 58 3 148 3 158 2
942 63 3 65 2 58 2
943 107 2 65 2 62 2
944 101 2 62 2 78 2
945 62 2 77 2 41 2
946 57 1 54 1 53 1
947 69 3 125 2 74 2
948 74 2 63 2 75 2
949 49 2 86 2 60 2
950 73 2 71 2 74 2
951 123 3 76 1 122 1
952 70 2 58 2 68 1
953 73 2 79 1 74 1
954 70 3 79 2 71 2
955 77 2 71 1 70 1
956 117 2 63 1 118 1
957 103 1 71 1 70 1
958 49 3 103 2 109 2
959 103 4 104 2 109 2
960 103 2 100 1 115 1
# Clase 103 domino por 2 generaciones
961 106 4 86 2 98 2
962 97 3 77 3 105 3
963 79 2 104 2 77 1
964 100 2 104 1 101 1
965 71 3 88 2 89 2
966 107 2 101 2 108 1
967 110 2 82 1 76 1
968 67 3 110 2 81 2
969 72 1 127 1 81 1
970 93 1 59 1 123 1
971 89 2 88 2 72 1
972 65 2 102 1 60 1
973 79 2 68 1 60 1
974 71 3 115 1 70 1
975 60 1 107 1 70 1
976 157 3 78 2 82 1
977 69 2 60 1 61 1
978 88 2 87 1 84 1
979 88 2 87 2 84 1
# Clase 88 domino por 2 generaciones
980 81 3 88 3 87 2
981 88 3 67 2 89 1
982 88 2 67 2 113 2
# Clase 88 domino por 2 generaciones
983 101 1 67 1 64 1
984 67 3 56 2 87 1
985 81 2 67 1 115 1
986 64 3 61 3 69 2
987 48 1 70 1 72 1
988 72 2 70 2 73 1
989 103 2 70 2 73 2
990 76 2 89 2 104 2
991 79 3 76 2 75 2
992 77 3 113 2 93 1
993 126 4 60 2 64 2
994 95 3 112 2 70 1
995 82 2 93 1 75 1
996 69 2 82 1 74 1
997 77 2 93 1 58 1
998 77 4 58 3 74 2
999 77 3 93 1 58 1
# Clase 77 domino por 3 generaciones
1000 80 2 75 2 96 2
1001 77 2 95 2 96 1
1002 74 4 82 3 75 2
1003 77 2 81 2 75 2
1004 71 2 81 2 77 2
1005 77 3 69 3 70 3
1006 61 3 77 2 73 2
1007 122 3 77 2 140 1
1008 61 3 60 2 62 2
1009 61 3 60 2 59 2
1010 61 3 119 2 81 1
1011 61 4 77 3 66 3
# Clase 61 domino por 4 generaciones
1012 58 2 74 2 66 2
1013 76 2 129 2 71 2
1014 62 2 77 2 58 2
1015 75 3 79 2 61 2
1016 94 3 77 2 75 2
1017 75 3 69 2 94 2
1018 88 3 60 3 70 2
1019 61 2 73 2 70 2
1020 69 4 61 3 60 2
1021 61 6 62 3 68 3
1022 61 5 62 3 68 3
1023 61 5 68 5 60 3
1024 61 11 68 5 60 4
1025 61 5 60 3 62 3
# Clase 61 domino por 5 generaciones
1026 60 3 112 2 61 2
1027 60 4 61 4 57 2
# Clase 60 domino por 2 generaciones
1028 58 3 61 3 57 3
1029 57 2 58 2 91 1
1030 57 2 58 2 60 1
# Clase 57 domino por 2 generaciones
1031 58 3 57 2 65 2
1032 54 4 57 4 91 3
1033 54 2 68 2 59 2
# Clase 54 domino por 2 generaciones
1034 87 3 84 2 88 2
1035 60 1 87 1 83 1
1036 100 3 74 2 55 1
1037 83 3 58 1 67 1
1038 60 2 79 2 81 1
1039 97 3 60 2 96 2
1040 69 4 96 3 75 3
1041 118 4 54 2 79 2
1042 124 5 54 2 55 2
1043 54 7 55 6 56 2
1044 55 6 54 5 56 2
1045 55 6 54 5 56 3
# Clase 55 domino por 2 generaciones
1046 54 3 55 3 63 2
1047 59 4 68 4 54 3
1048 56 2 57 2 54 2
1049 57 3 56 2 59 2
1050 148 7 60 3 57 3
1051 64 3 56 2 55 2
1052 49 2 55 1 118 1
1053 67 3 56 2 70 2
1054 46 3 56 2 50 2
1055 150 5 77 1 46 1
1056 89 3 87 2 93 2
1057 86 2 47 1 48 1
1058 88 3 47 2 96 2
1059 56 2 51 2 132 1
1060 52 2 58 2 100 2
1061 60 3 57 2 59 2
1062 122 2 96 2 76 1
1063 66 2 53 2 103 1
1064 77 2 78 1 56 1
1065 56 2 66 2 86 1
1066 153 3 93 2 102 1
1067 166 4 95 2 80 2
1068 120 2 61 1 47 1
1069 123 3 146 2 169 2
1070 210 3 126 1 50 1
1071 85 3 154 2 122 2
1072 75 2 109 2 86 2
1073 126 2 62 1 65 1
1074 70 2 112 2 107 1
1075 70 4 97 2 45 1
# Clase 70 domino por 2 generaciones
1076 64 3 51 2 69 1
1077 55 3 57 2 53 2
1078 53 2 61 1 94 1
1079 92 2 53 2 69 1
1080 54 2 53 1 52 1
1081 54 2 47 2 52 2
# Clase 54 domino por 2 generaciones
1082 109 4 58 2 54 1
1083 121 2 161 1 79 1
1084 58 2 67 2 83 1
1085 173 2 171 1 86 1
1086 86 1 57 1 54 1
1087 92 2 56 2 70 1
1088 61 3 54 2 56 1
1089 83 2 62 1 58 1
1090 67 2 65 2 59 1
1091 60 2 51 2 56 1
1092 89 2 100 2 130 2
1093 69 1 62 1 65 1
1094 107 3 47 1 50 1
1095 83 3 65 2 55 2
1096 48 2 110 2 84 1
1097 113 4 78 3 53 2
1098 56 2 93 2 53 1
1099 62 1 57 1 56 1
1100 131 2 50 1 59 1
1101 92 3 64 2 75 1
1102 72 2 56 2 58 2
1103 55 2 82 1 68 1
1104 47 4 75 2 53 1
1105 49 3 84 2 56 2
1106 53 2 47 2 48 1
1107 99 2 49 2 77 1
1108 49 2 59 2 50 2
1109 57 3 71 1 56 1
1110 55 3 79 1 43 1
1111 52 2 125 2 78 2
1112 101 3 102 2 104 1
1113 57 1 69 1 86 1
1114 57 3 69 1 118 1
# Clase 57 domino por 2 generaciones
1115 152 3 51 2 54 2
1116 45 2 63 1 57 1
1117 62 2 88 2 56 1
1118 99 2 63 2 107 1
1119 97 3 81 2 74 1
1120 46 2 70 2 50 1
1121 69 2 49 2 46 1
1122 69 2 49 2 46 1
# Clase 69 domino por 2 generaciones
1123 77 3 46 2 82 1
1124 97 2 103 2 108 2
1125 161 5 137 4 83 2
1126 72 2 50 2 92 2
1127 97 1 92 1 53 1
1128 60 2 72 1 96 1
1129 62 2 74 2 108 1
1130 60 2 101 2 53 1
1131 78 2 76 2 104 2
1132 68 4 76 2 67 1
1133 51 2 66 2 59 2
1134 90 3 170 2 89 2
1135 130 2 80 1 55 1
1136 52 2 88 1 84 1
1137 100 3 88 3 101 2
1138 61 2 65 1 55 1
1139 127 3 73 3 98 2
1140 103 2 121 2 150 1
1141 52 3 65 2 78 1
1142 82 3 107 3 60 2
1143 61 2 109 2 50 2
1144 110 3 117 3 79 2
1145 90 2 145 2 78 2
1146 78 5 67 2 77 2
1147 78 4 77 2 84 2
# Clase 78 domino por 2 generaciones
1148 77 5 78 3 94 2
1149 109 3 89 2 117 1
1150 58 2 59 2 49 1
1151 89 3 58 2 60 1
1152 68 2 65 2 90 2
1153 128 2 101 2 85 2
1154 173 4 65 2 87 1
1155 87 3 177 3 84 2
1156 84 2 116 1 85 1
1157 109 3 72 2 114 2
1158 60 3 80 2 79 2
1159 92 3 157 2 64 2
1160 161 3 154 3 130 2
1161 170 5 135 3 94 2
1162 184 2 73 2 79 2
1163 116 2 192 2 88 2
1164 79 3 64 2 62 2
1165 96 2 64 2 69 1
1166 90 3 61 2 80 2
1167 90 3 74 3 80 3
# Clase 90 domino por 2 generaciones
1168 61 3 74 3 80 2
1169 108 2 59 2 61 1
1170 66 2 126 1 61 1
1171 61 2 72 2 70 2
1172 60 2 74 2 64 2
1173 76 3 70 2 62 2
1174 70 4 64 4 68 3
1175 70 4 64 4 76 2
1176 70 4 69 3 62 3
1177 70 4 64 3 61 3
# Clase 70 domino por 4 generaciones
1178 64 3 65 3 56 2
1179 64 4 56 3 70 3
1180 64 6 56 4 54 2
1181 64 6 56 5 48 3
1182 64 7 56 7 54 3
# Clase 64 domino por 5 generaciones
1183 56 7 64 7 54 4
1184 56 10 64 6 54 4
1185 56 14 54 6 64 4
1186 56 15 52 6 54 5
1187 56 19 54 5 52 4
1188 56 18 52 7 54 6
1189 56 20 52 13 54 7
# Clase 56 domino por 7 generaciones
1190 52 15 56 8 54 5
1191 52 11 54 8 56 4
# Clase 52 domino por 2 generaciones
1192 54 18 52 13 56 3
1193 54 10 52 7 56 4
1194 54 6 50 5 52 4
1195 54 10 50 9 56 5
# Clase 54 domino por 4 generaciones
1196 50 10 54 9 56 4
1197 50 8 54 6 52 3
1198 50 9 54 5 48 4
1199 50 8 48 5 52 4
1200 50 9 48 4 52 3
1201 50 4 52 4 48 3
1202 50 8 52 5 48 5
1203 50 10 48 7 52 6
1204 50 6 48 4 54 3
1205 50 9 54 4 52 4
1206 50 11 52 7 54 6
1207 50 8 54 5 52 4
1208 50 8 54 5 52 5
1209 50 10 54 7 52 6
1210 50 8 54 4 52 2
1211 50 7 54 4 48 4
# Clase 50 domino por 16 generaciones
1212 48 5 54 5 50 5
1213 54 11 50 7 48 6
1214 54 13 50 10 48 6
# Clase 54 domino por 2 generaciones
1215 50 12 54 6 48 4
1216 50 10 54 7 52 5
# Clase 50 domino por 2 generaciones
1217 54 11 50 10 52 8
1218 52 11 50 9 54 9
1219 52 10 50 8 48 5
# Clase 52 domino por 2 generaciones
1220 50 12 52 10 48 10
1221 50 12 46 10 48 10
# Clase 50 domino por 2 generaciones
1222 46 11 50 8 48 8
1223 46 14 50 9 48 7
1224 46 10 50 9 48 8
1225 46 10 50 7 52 7
1226 46 10 52 8 50 7
1227 46 14 50 10 52 9
1228 46 13 50 12 52 10
1229 46 15 50 11 48 10
1230 46 10 48 8 50 8
# Clase 46 domino por 9 generaciones
1231 50 9 48 9 46 7
1232 50 14 48 12 46 7
1233 50 16 48 13 52 7
1234 50 12 48 12 46 5
# Clase 50 domino por 4 generaciones
1235 48 18 50 13 46 7
1236 48 12 50 10 52 6
1237 48 14 50 13 52 8
# Clase 48 domino por 3 generaciones
1238 50 14 48 8 46 5
1239 50 15 48 10 46 6
1240 50 13 48 13 46 4
# Clase 50 domino por 3 generaciones
1241 48 20 50 10 46 8
1242 48 23 50 11 46 11
1243 48 16 46 9 50 8
1244 48 21 50 10 46 9
1245 48 17 46 11 50 6
1246 48 20 46 12 50 7
1247 48 15 46 12 50 5
1248 48 17 46 16 50 7
1249 48 18 46 15 50 7
1250 48 17 46 12 50 5
1251 48 22 46 13 50 6
1252 48 20 46 14 50 5
1253 48 18 46 13 50 4
1254 48 23 46 17 50 5
1255 48 15 46 10 50 4
1256 48 18 46 12 50 4
1257 48 17 46 14 50 6
1258 48 20 46 14 50 9
1259 48 22 46 15 50 9
1260 48 22 46 16 50 7
1261 48 16 46 12 50 3
1262 48 17 46 12 50 2
1263 48 17 46 12 50 3
1264 48 18 46 12 50 4
1265 48 22 46 11 50 5
1266 48 26 46 10 50 6
1267 48 27 50 6 46 5
1268 48 22 50 5 46 4
1269 48 26 50 8 46 6
1270 48 24 46 7 50 7
1271 48 18 46 7 50 6
1272 48 22 50 10 46 7
1273 48 16 50 10 46 6
# Clase 48 domino por 33 generaciones
1274 50 14 48 14 46 2
1275 50 20 48 18 46 3
1276 50 20 48 16 46 4
1277 50 15 48 15 46 3
# Clase 50 domino por 4 generaciones
1278 48 22 50 13 46 4
1279 48 20 50 7 46 4
1280 48 21 50 7 46 3
1281 48 25 50 8 46 3
1282 48 33 50 8 46 3
1283 48 23 50 6 46 2
1284 48 27 50 6 46 3
1285 48 32 50 8 46 3
1286 48 24 50 4 46 2
1287 48 25 50 5 44 3
1288 48 20 50 5 46 2
1289 48 23 50 7 46 4
1290 48 20 50 4 46 3
1291 48 22 50 5 46 4
1292 48 25 50 7 46 6
1293 48 17 50 6 46 5
1294 48 18 46 6 50 5
1295 48 18 46 7 50 6
1296 48 20 50 12 46 11
1297 48 21 50 12 46 7
1298 48 16 50 9 46 5
1299 48 17 46 7 50 7
1300 48 17 46 9 50 7
1301 48 20 50 8 46 7
1302 48 20 50 10 46 8
1303 48 21 50 10 46 7
1304 48 24 50 8 46 8
1305 48 30 50 8 46 8
1306 48 25 46 6 50 5
1307 48 26 46 5 50 4
1308 48 30 46 6 50 5
1309 48 25 46 7 50 6
1310 48 20 50 6 46 4
1311 48 25 50 8 46 5
1312 48 24 50 12 46 4
1313 48 17 50 9 52 3
1314 48 21 50 9 52 4
1315 48 24 50 12 46 6
1316 48 20 50 6 46 5
1317 48 23 50 9 46 5
1318 48 16 50 10 46 4
1319 48 17 50 13 46 6
1320 48 17 50 12 46 8
1321 48 13 46 12 50 9
1322 48 14 46 12 50 10
1323 48 12 46 10 44 6
# Clase 48 domino por 46 generaciones
1324 46 14 48 14 44 11
1325 46 10 44 9 50 6
1326 46 17 44 14 48 8
1327 46 13 44 10 48 6
1328 46 18 44 11 48 4
1329 46 23 44 13 48 9
1330 46 17 44 8 48 7
1331 46 20 44 11 48 9
1332 46 22 44 13 48 6
1333 46 15 44 12 48 5
1334 46 15 44 13 48 4
1335 46 14 44 14 48 5
# Clase 46 domino por 12 generaciones
1336 44 15 46 13 48 4
1337 44 17 46 12 48 5
1338 44 18 46 11 48 4
1339 44 26 46 11 48 1
1340 44 19 46 7 42 2
1341 44 26 46 11 48 3
1342 44 29 46 10 42 3
1343 44 25 46 12 42 4
1344 44 21 42 6 46 5
1345 44 24 42 11 46 6
1346 44 16 42 15 46 3
# Clase 44 domino por 11 generaciones
1347 42 17 44 13 46 1
1348 42 27 44 14 46 2
1349 42 25 44 7 40 2
1350 42 19 44 6 40 2
1351 42 28 44 10 46 2
1352 42 23 44 8 40 2
1353 42 23 44 8 46 1
1354 42 29 44 8 40 2
1355 42 22 44 7 40 2
1356 42 30 44 10 40 2
1357 42 22 44 9 40 2
1358 42 18 44 11 40 2
1359 42 13 44 12 43 2
1360 42 16 44 8 40 3
1361 42 14 44 9 40 3
1362 42 17 44 6 40 3
1363 42 21 44 7 40 3
1364 42 20 44 5 40 4
1365 42 22 44 8 40 4
1366 42 16 44 7 40 4
1367 42 14 44 7 40 5
1368 42 15 44 6 40 4
1369 42 17 44 6 40 4
1370 42 17 44 8 40 6
1371 42 17 44 7 40 3
1372 42 12 44 5 40 4
1373 42 14 40 4 44 4
1374 42 16 44 6 40 4
1375 42 15 44 8 40 7
1376 42 13 44 8 40 6
1377 42 13 44 9 40 6
1378 42 10 40 8 44 8
1379 42 10 40 9 44 8
# Clase 42 domino por 33 generaciones
1380 40 13 44 12 42 10
1381 40 11 42 11 44 7
1382 40 11 42 10 44 6
1383 40 12 42 11 44 9
# Clase 40 domino por 4 generaciones
1384 42 13 40 13 44 7
1385 40 12 42 12 44 4
1386 40 14 42 13 44 6
# Clase 40 domino por 2 generaciones
1387 42 15 40 14 44 6
1388 40 17 42 13 44 5
1389 40 15 42 10 44 6
1390 40 10 42 9 44 5
# Clase 40 domino por 3 generaciones
1391 42 12 40 12 44 6
1392 42 17 40 13 44 9
# Clase 42 domino por 2 generaciones
1393 40 14 42 10 44 8
1394 40 14 42 13 44 7
1395 40 16 42 14 44 6
# Clase 40 domino por 3 generaciones
1396 42 14 40 11 44 9
1397 42 11 40 8 44 5
1398 42 12 40 12 44 4
# Clase 42 domino por 3 generaciones
1399 40 14 42 12 44 3
1400 40 17 42 12 44 5
# Clase 40 domino por 2 generaciones
1401 42 13 40 12 44 5
1402 40 14 42 11 44 9
1403 42 13 40 9 44 7
1404 40 10 42 10 44 7
1405 42 9 40 8 44 7
1406 42 9 40 8 44 6
# Clase 42 domino por 2 generaciones
1407 40 7 38 7 42 6
1408 40 14 38 6 42 6
1409 40 13 38 7 42 7
1410 40 14 38 9 42 6
1411 40 19 42 9 38 8
1412 40 14 38 11 42 7
1413 40 11 38 9 42 6
1414 40 13 38 11 42 6
# Clase 40 domino por 8 generaciones
1415 42 10 40 10 38 9
1416 42 13 48 7 40 7
1417 42 22 48 9 38 2
1418 42 33 48 5 44 2
1419 42 35 48 3 44 1
1420 42 34 44 2 43 1
1421 42 32 44 2 43 1
1422 42 32 44 3 43 1
1423 42 35 44 1 48 1
1424 42 36 44 2 43 1
1425 42 36 44 2 40 1
1426 42 41 44 2 49 1
1427 42 37 44 3 68 2
1428 42 30 44 3 60 1
1429 42 28 44 2 45 1
1430 42 31 44 2 40 1
1431 42 33 44 3 45 1
1432 42 33 44 3 40 1
1433 42 36 44 4 45 1
1434 42 27 43 1 44 1
1435 42 33 44 4 43 1
1436 42 39 44 2 43 2
1437 42 41 44 2 45 1
1438 42 39 44 2 155 1
1439 42 33 44 1 45 1
1440 42 28 45 2 44 2
1441 42 28 44 2 45 1
1442 42 33 44 1 128 1
1443 42 30 44 3 43 1
1444 42 40 44 2 29 1
1445 42 36 44 3 43 1
1446 42 43 44 2 40 1
1447 42 36 44 3 45 1
1448 42 31 44 3 43 1
1449 42 31 44 3 61 1
1450 42 33 44 2 75 1
1451 42 35 44 3 63 1
1452 42 36 44 3 40 2
1453 42 39 44 2 96 1
1454 42 32 44 3 40 1
1455 42 27 44 3 43 1
1456 42 31 44 3 46 1
1457 42 30 44 3 47 1
1458 42 35 44 3 56 1
1459 42 36 44 2 45 1
1460 42 32 43 1 44 1
1461 42 31 44 2 45 1
1462 42 30 44 2 43 2
1463 42 34 44 2 81 1
1464 42 37 44 3 143 1
1465 42 35 44 3 40 1
1466 42 30 44 4 38 1
1467 42 36 44 1 43 1
1468 42 37 44 3 45 1
1469 42 40 44 2 43 2
1470 42 37 44 3 43 1
1471 42 31 44 2 43 1
1472 42 38 44 1 43 1
1473 42 36 44 2 40 1
1474 42 39 44 4 43 2
1475 42 40 44 2 43 1
1476 42 33 44 3 43 1
1477 42 30 44 3 43 1
1478 42 36 44 2 43 1
1479 42 35 44 3 45 2
1480 42 41 44 3 48 1
1481 42 36 44 2 43 1
1482 42 29 43 2 44 1
1483 42 31 44 2 43 1
1484 42 36 44 2 45 1
1485 42 43 44 2 45 1
1486 42 36 44 2 40 1
1487 42 33 44 3 40 1
1488 42 30 44 3 46 1
1489 42 34 44 4 43 1
1490 42 42 44 2 43 1
1491 42 37 44 2 43 1
1492 42 42 44 2 23 1
1493 42 31 44 4 45 1
1494 42 35 44 2 69 1
1495 42 33 44 4 40 1
1496 42 39 44 2 45 1
1497 42 42 44 1 40 1
1498 42 37 44 2 40 1
1499 42 39 44 2 43 1
1500 42 40 44 2 40 1
1501 42 39 44 2 43 1
1502 42 32 44 1 48 1
1503 42 31 44 2 64 1
1504 42 32 44 2 43 1
1505 42 33 44 3 143 2
1506 42 42 44 3 41 1
1507 42 38 44 3 45 1
1508 42 43 44 1 39 1
1509 42 41 44 2 97 2
1510 42 45 44 3 40 1
1511 42 42 43 2 44 1
1512 42 40 44 3 43 1
1513 42 31 44 4 46 1
1514 42 33 44 2 43 1
1515 42 35 44 1 46 1
1516 42 34 44 2 43 1
1517 42 30 44 4 43 1
1518 42 32 44 3 43 1
1519 42 33 44 3 45 2
1520 42 39 44 3 40 1
1521 42 32 44 3 43 1
1522 42 34 44 1 45 1
1523 42 31 44 2 45 1
1524 42 31 44 2 45 1
1525 42 36 44 5 46 1
1526 42 38 43 1 44 1
1527 42 41 44 2 40 1
1528 42 43 44 4 40 1
1529 42 40 44 1 57 1
1530 42 43 44 2 40 1
1531 42 43 44 3 47 1
1532 42 41 44 2 40 1
1533 42 35 44 3 43 1
1534 42 35 44 2 45 1
1535 42 32 44 1 45 1
1536 42 33 44 2 45 2
1537 42 36 44 3 43 1
1538 42 35 44 3 35 1
1539 42 36 44 3 47 1
1540 42 40 44 3 43 1
1541 42 40 44 2 40 1
1542 42 36 44 3 48 1
1543 42 34 44 3 48 1
1544 42 34 44 3 43 1
1545 42 32 44 3 72 1
1546 42 38 44 2 43 2
1547 42 39 44 1 43 1
1548 42 32 44 2 43 1
1549 42 32 44 2 71 1
1550 42 37 44 1 40 1
1551 42 36 44 5 45 1
1552 42 38 44 2 58 1
1553 42 38 44 3 91 1
1554 42 43 44 2 58 1
1555 42 31 44 1 45 1
1556 42 31 44 2 45 1
1557 42 36 44 2 43 1
1558 42 35 44 3 40 1
1559 42 39 44 1 45 1
1560 42 38 44 4 45 1
1561 42 39 44 3 45 1
1562 42 30 44 3 43 1
1563 42 32 44 3 46 1
1564 42 35 44 6 40 2
1565 42 37 44 2 45 1
1566 42 31 44 3 66 1
1567 42 31 44 2 46 1
1568 42 32 44 3 45 1
1569 42 34 44 2 76 1
1570 42 37 44 3 103 1
1571 42 42 44 3 40 1
1572 42 30 44 2 45 1
1573 42 29 44 3 77 1
1574 42 31 44 3 40 1
1575 42 33 44 2 46 1
1576 42 37 44 2 43 1
1577 42 37 44 2 83 1
1578 42 37 44 4 43 1
1579 42 45 44 1 43 1
1580 42 40 44 3 43 1
1581 42 39 44 2 46 1
1582 42 45 44 1 45 1
1583 42 46 45 1 44 1
1584 42 41 44 4 45 1
1585 42 37 44 3 45 2
1586 42 30 44 2 40 1
1587 42 35 45 1 47 1
1588 42 35 44 1 43 1
1589 42 32 44 1 45 1
1590 42 33 44 2 45 1
1591 42 34 44 2 45 1
1592 42 34 44 2 45 1
1593 42 36 44 1 45 1
1594 42 34 44 1 84 1
1595 42 35 44 2 60 1
1596 42 49 44 1 43 1
1597 42 43 44 1 53 1
1598 42 36 44 1 45 1
1599 42 37 44 1 43 1
1600 42 50 44 1 76 1
1601 42 37 44 1 43 1
1602 42 53 43 1 44 1
1603 42 38 44 1 45 1
1604 42 38 44 1 48 1
1605 42 51 44 1 39 1
1606 42 53 39 1 104 1
1607 42 37 44 1 84 1
1608 42 36 58 1 57 1
1609 42 46 43 1 44 1
1610 42 52 39 1 44 1
1611 42 50 39 1 57 1
1612 42 37 39 1 67 1
1613 42 54 44 1 43 1
1614 42 36 44 1 46 1
1615 42 51 40 1 44 1
1616 42 36 40 1 41 1
1617 42 52 44 1 40 1
1618 42 42 39 1 44 1
1619 42 43 39 1 40 1
1620 42 52 39 1 44 1
1621 42 34 44 1 43 1
1622 42 52 45 1 44 1
1623 42 38 40 1 44 1
1624 42 53 45 1 44 1
1625 42 39 44 1 39 1
1626 42 54 44 1 39 1
1627 42 35 43 1 248 1
1628 42 48 39 1 45 1
1629 42 37 44 1 40 1
1630 42 50 44 1 41 1
1631 42 38 44 1 40 1
1632 42 51 44 1 39 1
1633 42 37 45 1 44 1
1634 42 54 44 1 47 1
1635 42 41 44 1 43 1
1636 42 43 45 1 41 1
1637 42 46 44 1 39 1
1638 42 36 44 1 43 1
1639 42 36 44 1 38 1
1640 42 42 44 1 40 1
1641 42 47 43 1 44 1
1642 42 42 128 1 44 1
1643 42 36 44 1 40 1
1644 42 44 44 2 39 1
1645 42 46 44 1 39 1
1646 42 39 44 1 43 1
1647 42 43 44 1 45 1
1648 42 51 44 1 84 1
1649 42 45 44 1 43 1
1650 42 37 44 1 47 1
1651 42 41 44 2 84 1
1652 42 48 44 1 43 1
1653 42 43 47 1 44 1
1654 42 36 44 1 40 1
1655 42 46 44 2 39 1
1656 42 52 44 1 45 1
1657 42 44 44 1 39 1
1658 42 37 44 1 40 1
1659 42 37 44 1 43 1
1660 42 45 44 1 75 1
1661 42 47 44 2 43 1
1662 42 46 44 2 39 1
1663 42 45 44 2 45 1
1664 42 42 44 2 43 1
1665 42 35 44 3 124 1
1666 42 38 44 2 33 1
1667 42 41 44 1 45 1
1668 42 34 44 3 40 1
1669 42 33 44 3 37 1
1670 42 31 44 2 81 1
1671 42 33 44 3 45 1
1672 42 35 44 2 40 1
1673 42 36 44 2 45 1
1674 42 43 44 1 43 1
1675 42 40 44 2 43 1
1676 42 34 44 2 45 1
1677 42 36 44 1 45 1
1678 42 38 44 2 40 1
1679 42 33 44 1 43 1
1680 42 35 44 2 39 1
1681 42 36 44 1 43 1
1682 42 37 44 3 43 1
1683 42 38 44 2 43 1
1684 42 39 44 2 39 1
1685 42 36 44 4 82 1
1686 42 34 44 2 118 2
1687 42 37 44 2 43 1
1688 42 46 44 1 39 1
1689 42 43 44 2 39 1
1690 42 41 39 1 44 1
1691 42 39 39 2 44 1
1692 42 34 39 2 44 1
1693 42 38 39 3 44 1
1694 42 48 39 3 44 1
1695 42 41 39 4 44 1
1696 42 32 39 6 328 1
1697 42 40 39 7 44 1
1698 42 39 39 6 44 1
1699 42 31 39 3 44 1
1700 42 45 39 4 44 1
1701 42 39 39 1 44 1
1702 42 40 44 1 39 1
1703 42 48 39 1 44 1
1704 42 37 44 1 39 1
1705 42 41 39 1 43 1
1706 42 47 44 1 39 1
1707 42 36 44 1 39 1
1708 42 49 39 1 55 1
1709 42 37 44 1 43 1
1710 42 49 39 1 44 1
1711 42 42 44 1 39 1
1712 42 41 40 1 44 1
1713 42 47 39 1 44 1
1714 42 47 44 1 40 1
1715 42 38 44 1 39 1
1716 42 46 44 1 40 1
1717 42 48 44 1 40 1
1718 42 36 39 1 44 1
1719 42 43 39 1 44 1
1720 42 53 39 1 44 1
1721 42 42 39 1 44 1
1722 42 53 41 1 39 1
1723 42 42 40 1 44 1
1724 42 35 44 1 40 1
1725 42 40 40 1 44 1
1726 42 46 68 1 44 1
1727 42 37 43 1 39 1
1728 42 53 39 1 44 1
1729 42 41 32 1 41 1
1730 42 51 40 1 44 1
1731 42 41 44 1 39 1
1732 42 47 44 1 35 1
1733 42 49 40 1 44 1
1734 42 39 44 1 40 1
1735 42 54 44 1 43 1
1736 42 48 44 1 41 1
1737 42 40 44 1 43 1
1738 42 37 44 1 40 1
1739 42 50 44 1 43 1
1740 42 43 44 1 43 1
1741 42 36 44 1 39 1
1742 42 45 44 1 39 1
1743 42 48 44 1 39 1
1744 42 42 44 1 39 1
1745 42 35 44 1 75 1
1746 42 49 44 1 70 1
1747 42 38 95 1 44 1
1748 42 41 44 1 78 1
1749 42 47 39 1 44 1
1750 42 44 44 1 39 1
1751 42 36 44 1 43 1
1752 42 44 44 1 131 1
1753 42 48 44 1 43 1
1754 42 48 44 1 84 1
1755 42 39 44 1 45 1
1756 42 36 44 1 43 1
1757 42 53 44 1 43 1
1758 42 41 44 1 43 1
1759 42 38 83 1 43 1
1760 42 51 44 1 43 1
1761 42 48 44 1 43 1
1762 42 37 44 1 43 1
1763 42 39 44 1 43 1
1764 42 49 44 1 43 1
1765 42 38 44 1 39 1
1766 42 38 85 1 43 1
1767 42 45 44 1 43 1
1768 42 43 44 2 84 1
1769 42 40 44 1 87 1
1770 42 35 44 1 84 1
1771 42 46 45 1 84 1
1772 42 37 47 1 44 1
1773 42 48 44 1 39 1
1774 42 45 44 1 60 1
1775 42 37 44 1 88 1
1776 42 50 39 1 44 1
1777 42 47 44 1 43 1
1778 42 46 126 1 48 1
1779 42 41 86 1 44 1
1780 42 48 43 1 44 1
1781 42 40 44 1 39 1
1782 42 51 44 2 47 1
1783 42 39 44 1 39 1
1784 42 39 39 1 72 1
1785 42 50 39 1 44 1
1786 42 44 44 1 40 1
1787 42 39 44 1 39 1
1788 42 46 44 1 43 1
1789 42 37 44 1 43 1
1790 42 53 44 1 43 1
1791 42 37 44 1 35 1
1792 42 52 44 1 39 1
1793 42 36 44 1 51 1
1794 42 50 44 1 40 1
1795 42 41 43 1 41 1
1796 42 41 44 1 39 1
1797 42 44 44 1 84 1
1798 42 47 39 1 44 1
1799 42 41 40 1 44 1
1800 42 38 89 1 44 1
1801 42 39 44 1 43 1
1802 42 47 39 1 43 1
1803 42 40 62 1 44 1
1804 42 37 44 1 39 1
1805 42 36 84 1 44 1
1806 42 38 44 1 43 1
1807 42 38 44 1 47 1
1808 42 45 39 1 70 1
1809 42 40 44 1 43 1
1810 42 38 44 2 43 1
1811 42 38 44 1 39 1
1812 42 42 44 1 40 1
1813 42 43 44 1 39 1
1814 42 43 44 1 40 1
1815 42 45 44 1 48 1
1816 42 43 44 1 76 1
1817 42 38 44 2 47 1
1818 42 40 44 1 43 1
1819 42 38 44 1 45 1
1820 42 36 44 1 43 1
1821 42 40 44 1 39 1
1822 42 52 44 1 40 1
1823 42 49 44 1 39 1
1824 42 43 44 1 39 1
1825 42 33 44 2 39 1
1826 42 49 39 1 44 1
1827 42 43 39 1 44 1
1828 42 35 39 1 44 1
1829 42 47 44 1 39 1
1830 42 50 39 1 44 1
1831 42 38 39 1 44 1
1832 42 46 39 1 45 1
1833 42 44 39 1 44 1
1834 42 38 85 2 43 1
1835 42 42 39 1 138 1
1836 42 47 43 1 39 1
1837 42 42 39 1 44 1
1838 42 41 43 1 39 1
1839 42 51 43 1 39 1
1840 42 41 39 1 44 1
1841 42 45 39 1 43 1
1842 42 43 39 1 44 1
1843 42 36 44 1 43 1
1844 42 50 44 1 39 1
1845 42 44 43 1 44 1
1846 42 42 44 1 129 1
1847 42 34 44 1 355 1
1848 42 37 43 1 44 1
1849 42 36 44 1 39 1
1850 42 46 44 1 45 1
1851 42 40 45 1 39 1
1852 42 36 45 1 39 1
1853 42 43 39 1 44 1
1854 42 45 39 2 44 1
1855 42 35 39 1 44 1
1856 42 52 39 2 45 1
1857 42 37 39 1 45 1
1858 42 45 44 1 39 1
1859 42 43 44 1 43 1
1860 42 37 44 1 43 1
1861 42 37 44 1 43 1
1862 42 36 44 2 113 1
1863 42 45 44 2 43 1
1864 42 48 39 1 44 1
1865 42 41 44 1 43 1
1866 42 40 44 1 39 1
1867 42 37 39 1 44 1
1868 42 35 44 1 39 1
1869 42 39 44 1 39 1
1870 42 44 44 1 39 1
1871 42 45 44 2 45 1
1872 42 46 44 3 43 1
1873 42 45 43 1 44 1
1874 42 40 44 2 39 1
1875 42 40 44 1 40 1
1876 42 42 44 1 39 1
1877 42 49 43 1 45 1
1878 42 40 86 1 43 1
1879 42 34 44 1 39 1
1880 42 37 44 1 43 1
1881 42 46 43 1 44 1
1882 42 49 44 2 41 1
1883 42 46 43 1 44 1
1884 42 46 44 1 43 1
1885 42 40 44 3 63 1
1886 42 44 44 1 43 1
1887 42 41 44 1 39 1
1888 42 42 44 2 43 1
1889 42 45 44 2 45 1
1890 42 43 44 1 45 1
1891 42 41 44 1 45 1
1892 42 38 44 3 90 2
1893 42 37 44 2 90 2
1894 42 39 44 2 45 1
1895 42 40 44 1 45 1
1896 42 39 44 1 43 1
1897 42 34 44 2 45 1
1898 42 42 44 1 39 1
1899 42 48 39 1 44 1
1900 42 44 44 1 39 1
1901 42 35 44 1 39 1
1902 42 47 39 1 44 1
1903 42 43 44 1 39 1
1904 42 37 39 1 44 1
1905 42 44 41 1 43 1
1906 42 45 43 1 39 1
1907 42 38 39 1 44 1
1908 42 36 44 1 40 1
1909 42 42 44 2 56 1
1910 42 43 39 1 44 1
1911 42 34 44 1 39 1
1912 42 46 39 1 44 1
1913 42 41 39 1 43 1
1914 42 41 39 1 44 1
1915 42 48 39 1 44 1
1916 42 38 44 1 39 1
1917 42 39 39 1 44 1
1918 42 48 44 2 39 1
1919 42 41 39 1 44 1
1920 42 34 44 1 39 1
1921 42 50 39 1 47 1
1922 42 36 39 1 45 1
1923 42 48 39 1 44 1
1924 42 40 39 1 44 1
1925 42 46 39 1 123 1
1926 42 37 39 1 44 1
1927 42 43 39 1 37 1
1928 42 53 39 1 84 1
1929 42 35 39 1 44 1
1930 42 44 39 1 40 1
1931 42 51 39 1 46 1
1932 42 35 39 1 40 1
1933 42 44 39 1 44 1
1934 42 51 39 1 84 1
1935 42 43 39 1 43 1
1936 42 41 39 1 41 1
1937 42 49 41 1 44 1
1938 42 45 44 1 41 1
1939 42 43 44 1 43 1
1940 42 52 44 1 45 1
1941 42 45 44 1 43 1
1942 42 39 44 1 43 1
1943 42 40 45 1 26 1
1944 42 45 84 1 45 1
1945 42 42 44 1 45 1
1946 42 35 70 1 44 1
1947 42 48 43 1 44 1
1948 42 40 45 1 313 1
1949 42 47 45 1 43 1
1950 42 40 65 1 45 1
1951 42 51 45 1 83 1
1952 42 46 39 1 45 1
1953 42 40 45 1 44 1
1954 42 39 45 1 39 1
1955 42 41 39 1 45 1
1956 42 43 39 1 45 1
1957 42 44 39 1 45 1
1958 42 51 39 1 45 1
1959 42 52 39 1 85 1
1960 42 47 39 1 85 1
1961 42 44 39 1 41 1
1962 42 43 39 1 63 1
1963 42 39 39 1 43 1
1964 42 38 39 1 43 1
1965 42 36 43 1 39 1
1966 42 40 39 1 45 1
1967 42 50 39 1 44 1
1968 42 48 39 1 45 1
1969 42 45 40 1 43 1
1970 42 49 45 1 44 1
1971 42 49 45 1 44 1
1972 42 48 40 1 39 1
1973 42 42 43 1 45 1
1974 42 48 84 1 48 1
1975 42 49 41 1 45 1
1976 42 52 41 1 45 1
1977 42 48 51 1 41 1
1978 42 44 41 1 45 1
1979 42 42 43 1 41 1
1980 42 36 41 1 43 1
1981 42 45 41 1 43 1
1982 42 48 45 1 44 1
1983 42 48 45 1 44 1
1984 42 50 84 1 45 1
1985 42 50 45 1 39 1
1986 42 42 57 1 45 1
1987 42 49 41 1 82 1
1988 42 36 45 1 48 1
1989 42 37 45 1 48 1
1990 42 40 48 1 45 1
1991 42 45 86 1 45 1
1992 42 49 44 1 43 1
1993 42 53 48 1 45 1
1994 42 44 41 1 48 1
1995 42 44 43 1 48 1
1996 42 45 39 1 48 1
1997 42 43 45 1 48 1
1998 42 38 48 1 45 1
1999 42 37 43 1 48 1
2000 42 43 43 1 48 1
2001 42 47 45 1 43 1
2002 42 52 45 1 48 1
2003 42 46 45 1 48 1
2004 42 36 58 1 48 1
2005 42 35 48 1 45 1
2006 42 54 48 1 45 1
2007 42 48 43 1 48 1
2008 42 39 48 1 45 1
2009 42 40 45 1 48 1
2010 42 49 48 1 45 1
2011 42 43 48 1 43 1
2012 42 38 43 1 48 1
2013 42 40 48 1 45 1
2014 42 46 48 1 45 1
2015 42 43 48 1 45 1
2016 42 40 48 1 41 1
2017 42 44 48 1 45 1
2018 42 43 48 1 45 1
2019 42 41 45 1 48 1
2020 42 42 45 1 48 1
2021 42 43 45 1 43 1
2022 42 46 45 1 48 1
2023 42 44 48 1 45 1
2024 42 41 45 1 48 1
2025 42 47 48 1 39 1
2026 42 49 45 1 48 1
2027 42 47 45 1 48 1
2028 42 44 41 1 45 1
2029 42 44 48 1 45 1
2030 42 37 44 1 45 1
2031 42 50 44 1 45 1
2032 42 43 43 1 44 1
2033 42 35 44 1 40 1
2034 42 49 39 1 43 1
2035 42 37 39 1 45 1
2036 42 50 43 1 39 1
2037 42 37 41 1 39 1
2038 42 49 39 1 44 1
2039 42 42 39 1 47 1
2040 42 47 44 1 40 1
2041 42 36 39 1 44 1
2042 42 41 44 1 74 1
2043 42 45 128 1 44 1
2044 42 41 43 1 48 1
2045 42 37 43 1 45 1
2046 42 46 44 1 43 1
2047 42 49 44 2 43 1
2048 42 41 91 1 39 1
2049 42 40 44 1 40 1
2050 42 52 39 1 44 1
2051 42 38 45 1 39 1
2052 42 49 45 1 39 1
2053 42 37 45 1 44 1
2054 42 44 43 1 44 1
2055 42 48 44 1 45 1
2056 42 45 44 1 39 1
2057 42 41 44 1 43 1
2058 42 39 44 1 39 1
2059 42 41 45 1 39 1
2060 42 46 44 1 43 1
2061 42 45 44 2 43 1
2062 42 44 45 1 44 1
2063 42 45 45 1 44 1
2064 42 42 44 1 43 1
2065 42 48 44 2 43 1
2066 42 45 141 2 44 1
2067 42 49 44 1 45 1
2068 42 42 44 1 84 1
2069 42 39 45 1 44 1
2070 42 40 44 1 45 1
2071 42 37 44 1 89 1
2072 42 39 44 1 43 1
2073 42 36 44 1 40 1
2074 42 36 84 1 44 1
2075 42 36 44 1 43 1
2076 42 36 44 1 45 1
2077 42 33 45 1 84 1
2078 42 37 44 1 85 1
2079 42 39 44 1 39 1
2080 42 46 39 1 44 1
2081 42 42 39 1 45 1
2082 42 43 45 2 44 1
2083 42 42 45 1 39 1
2084 42 36 45 1 39 1
2085 42 39 45 1 39 1
2086 42 45 39 1 45 1
2087 42 39 45 1 39 1
2088 42 32 39 1 45 1
2089 42 45 84 1 39 1
2090 42 36 45 1 84 1
2091 42 50 45 1 50 1
2092 42 38 45 1 44 1
2093 42 49 44 1 40 1
2094 42 37 40 1 39 1
2095 42 45 44 1 41 1
2096 42 44 44 2 43 1
2097 42 47 44 1 43 1
2098 42 46 44 1 45 1
2099 42 37 44 1 68 1
2100 42 36 39 1 44 1
2101 42 49 39 1 45 1
2102 42 38 45 1 60 1
2103 42 52 43 1 45 1
2104 42 37 46 1 39 1
2105 42 38 45 1 39 1
2106 42 46 39 1 21 1
2107 42 49 39 1 41 1
2108 42 52 39 1 44 1
2109 42 51 48 1 44 1
2110 42 36 41 1 43 1
2111 42 37 45 1 43 1
2112 42 41 43 1 45 1
2113 42 47 45 1 44 1
2114 42 49 48 1 127 1
2115 42 40 48 1 84 1
2116 42 42 47 1 84 1
2117 42 44 48 1 84 1
2118 42 43 84 1 82 1
2119 42 44 48 1 276 1
2120 42 44 336 1 87 1
2121 42 41 44 1 84 1
2122 42 44 44 1 87 1
2123 42 37 44 1 43 1
2124 42 41 45 1 44 1
2125 42 48 45 1 44 1
2126 42 44 45 1 43 1
2127 42 35 44 1 84 1
2128 42 50 40 1 41 1
2129 42 37 44 1 43 1
2130 42 52 44 1 40 1
2131 42 40 44 1 48 1
2132 42 48 45 1 39 1
2133 42 39 44 1 40 1
2134 42 49 45 1 39 1
2135 42 39 39 1 45 1
2136 42 51 44 1 85 1
2137 42 45 44 1 39 1
2138 42 42 108 1 44 1
2139 42 51 44 1 45 1
2140 42 43 44 1 43 1
2141 42 48 44 1 46 1
2142 42 36 43 1 47 1
2143 42 54 39 1 44 1
2144 42 48 44 1 43 1
2145 42 40 44 1 45 1
2146 42 37 40 1 44 1
2147 42 36 44 1 43 1
2148 42 41 44 1 43 1
2149 42 50 44 1 48 1
2150 42 42 44 1 43 1
2151 42 38 45 1 44 1
2152 42 36 45 1 44 1
2153 42 34 44 2 45 1
2154 42 48 45 1 44 1
2155 42 47 45 1 44 1
2156 42 46 44 1 75 1
2157 42 47 44 1 45 1
2158 42 42 44 1 40 1
2159 42 39 45 1 44 1
2160 42 39 44 1 43 1
2161 42 39 44 1 86 1
2162 42 47 44 1 45 1
2163 42 46 44 1 43 1
2164 42 46 44 1 43 1
2165 42 48 44 1 43 1
2166 42 43 45 1 44 1
2167 42 38 44 1 39 1
2168 42 39 44 2 43 1
2169 42 48 44 1 43 1
2170 42 47 45 1 43 1
2171 42 48 44 1 45 1
2172 42 43 44 1 45 1
2173 42 45 44 1 40 1
2174 42 44 44 1 45 1
2175 42 40 44 1 45 1
2176 42 38 44 1 45 1
2177 42 40 44 1 358 1
2178 42 42 44 2 43 1
2179 42 37 44 2 84 1
2180 42 36 44 1 66 1
2181 42 37 44 1 46 1
2182 42 35 44 1 45 1
2183 42 36 44 1 45 1
2184 42 35 44 1 43 1
2185 42 37 44 1 43 1
2186 42 33 44 1 39 1
2187 42 32 44 2 45 1
2188 42 34 44 2 45 1
2189 42 33 44 2 45 1
2190 42 35 44 1 47 1
2191 42 35 44 1 39 1
2192 42 33 44 2 39 1
2193 42 36 44 1 43 1
2194 42 35 44 2 40 1
2195 42 36 44 4 43 1
2196 42 42 44 1 43 1
2197 42 42 44 2 45 1
2198 42 39 44 2 45 1
2199 42 43 44 2 43 1
2200 42 34 44 1 43 1
2201 42 30 44 1 66 1
2202 42 37 44 2 43 1
2203 42 37 44 3 45 1
2204 42 33 44 2 40 1
2205 42 36 44 2 81 1
2206 42 37 44 1 32 1
2207 42 36 44 2 40 1
2208 42 32 44 4 43 1
2209 42 35 44 2 47 1
2210 42 35 44 3 47 1
2211 42 36 44 2 40 1
2212 42 34 44 1 84 1
2213 42 35 44 2 48 1
2214 42 42 44 3 43 1
2215 42 36 44 2 43 1
2216 42 34 44 2 73 1
2217 42 31 44 3 43 1
2218 42 34 44 2 43 1
2219 42 37 44 2 43 1
2220 42 41 44 2 43 1
2221 42 40 44 2 43 1
2222 42 29 44 2 43 1
2223 42 28 44 3 47 1
2224 42 33 44 2 43 1
2225 42 37 44 1 43 1
2226 42 38 44 2 51 1
2227 42 39 44 2 43 1
2228 42 39 44 3 43 1
2229 42 34 44 2 50 1
2230 42 36 44 1 143 1
2231 42 35 44 3 47 1
2232 42 38 44 2 43 1
2233 42 41 44 1 43 1
2234 42 38 44 1 43 1
2235 42 31 44 1 43 1
2236 42 35 44 2 43 1
2237 42 38 44 2 45 1
2238 42 42 44 2 41 1
2239 42 34 44 2 43 1
2240 42 34 44 1 46 1
2241 42 36 44 2 80 1
2242 42 38 44 1 48 1
2243 42 39 44 2 48 1
2244 42 36 44 2 43 1
2245 42 36 44 1 45 1
2246 42 34 44 2 43 1
2247 42 39 44 1 43 1
2248 42 35 44 1 40 1
2249 42 38 44 3 84 2
2250 42 41 44 2 43 1
2251 42 35 44 1 45 1
2252 42 34 44 2 43 1
2253 42 38 44 2 40 1
2254 42 33 44 3 37 1
2255 42 37 44 1 38 1
2256 42 38 44 3 66 1
2257 42 34 44 1 43 1
2258 42 32 44 3 45 1
2259 42 36 44 2 45 1
2260 42 40 44 3 38 1
2261 42 42 44 1 43 1
2262 42 37 44 2 43 1
2263 42 34 43 1 44 1
2264 42 34 44 2 40 1
2265 42 38 44 1 45 1
2266 42 40 44 2 47 1
2267 42 39 44 2 41 1
2268 42 42 44 2 40 1
2269 42 33 44 2 76 1
2270 42 34 44 2 43 1
2271 42 37 44 1 43 1
2272 42 36 44 2 43 2
2273 42 43 44 2 40 1
2274 42 37 44 1 73 1
2275 42 32 44 2 43 1
2276 42 34 44 1 45 1
2277 42 35 44 2 45 1
2278 42 38 44 3 45 1
2279 42 32 44 3 43 1
2280 42 35 44 1 43 1
2281 42 34 44 2 43 1
2282 42 36 44 2 43 1
2283 42 44 44 1 46 1
2284 42 43 44 2 43 1
2285 42 37 44 3 40 1
2286 42 33 44 3 145 1
2287 42 31 44 2 43 1
2288 42 37 44 3 40 1
2289 42 40 44 3 45 1
2290 42 42 44 2 67 1
2291 42 28 44 4 47 1
2292 42 28 44 2 47 1
2293 42 32 44 2 48 1
2294 42 37 44 1 84 1
2295 42 40 44 4 96 1
2296 42 37 44 2 45 1
2297 42 33 44 2 46 1
2298 42 37 44 2 43 1
2299 42 40 44 1 43 1
2300 42 37 44 2 43 1
2301 42 33 44 2 43 1
2302 42 34 44 3 48 1
2303 42 37 44 2 40 1
2304 42 39 44 3 45 1
2305 42 38 44 1 43 1
2306 42 33 44 1 43 1
2307 42 38 44 1 51 1
2308 42 40 44 3 47 1
2309 42 40 44 3 45 1
2310 42 32 44 2 43 1
2311 42 33 44 2 43 1
2312 42 36 44 2 43 1
2313 42 36 44 2 43 1
2314 42 38 44 3 43 1
2315 42 41 44 2 43 1
2316 42 34 44 1 43 1
2317 42 33 44 1 46 1
2318 42 32 44 2 63 1
2319 42 38 44 3 47 1
2320 42 34 44 2 43 1
2321 42 33 44 3 43 1
2322 42 39 44 3 43 1
2323 42 39 44 2 43 1
2324 42 34 44 2 67 1
2325 42 39 44 2 45 1
2326 42 39 44 2 136 1
2327 42 32 44 3 33 1
2328 42 34 44 1 40 1
2329 42 34 44 4 43 1
2330 42 38 44 2 43 1
2331 42 41 44 2 46 1
2332 42 37 44 1 45 1
2333 42 34 44 3 43 1
2334 42 38 44 1 43 1
2335 42 37 44 2 77 1
2336 42 38 44 2 43 1
2337 42 36 44 2 41 1
2338 42 41 44 2 40 1
2339 42 34 44 1 43 1
2340 42 35 44 1 40 1
2341 42 37 44 2 43 1
2342 42 41 44 3 46 1
2343 42 40 44 2 39 1
2344 42 41 44 1 68 1
2345 42 36 44 1 43 1
2346 42 39 44 3 40 1
2347 42 39 44 4 47 1
2348 42 37 44 4 35 1
2349 42 34 44 2 40 1
2350 42 38 40 1 44 1
2351 42 38 44 1 43 1
2352 42 42 44 3 43 1
2353 42 33 44 4 43 1
2354 42 35 44 2 45 1
2355 42 33 44 2 45 1
2356 42 35 44 1 43 1
2357 42 39 44 2 86 1
2358 42 40 44 3 43 1
2359 42 43 44 2 41 1
2360 42 32 44 3 43 1
2361 42 30 44 3 43 1
2362 42 36 44 2 40 1
2363 42 34 44 2 43 1
2364 42 36 44 1 43 1
2365 42 37 44 3 66 1
2366 42 38 44 2 43 1
2367 42 35 44 2 43 1
2368 42 36 44 1 45 1
2369 42 35 44 1 45 1
2370 42 33 44 2 43 1
2371 42 34 44 2 43 1
2372 42 39 44 1 39 1
2373 42 37 44 3 43 1
2374 42 32 44 2 43 1
2375 42 30 44 2 43 1
2376 42 36 44 2 47 1
2377 42 36 44 3 43 1
2378 42 40 44 2 43 1
2379 42 39 44 2 45 1
2380 42 39 44 2 43 1
2381 42 33 44 2 45 1
2382 42 36 44 1 40 1
2383 42 33 44 3 47 1
2384 42 35 44 2 43 1
2385 42 31 187 1 46 1
2386 42 36 44 3 47 1
2387 42 32 44 4 40 1
2388 42 41 44 2 43 1
2389 42 38 44 2 43 1
2390 42 41 44 1 43 1
2391 42 39 44 1 36 1
2392 42 38 44 2 43 1
2393 42 33 44 2 45 1
2394 42 37 44 3 43 1
2395 42 37 44 3 43 1
2396 42 38 44 3 43 1
2397 42 36 44 1 45 1
2398 42 37 44 2 47 1
2399 42 33 44 2 86 1
2400 42 34 44 2 39 1
2401 42 40 44 2 40 1
2402 42 39 44 2 46 1
2403 42 37 44 1 43 1
2404 42 34 44 2 47 1
2405 42 34 44 1 43 1
2406 42 35 44 2 43 1
2407 42 40 44 1 43 1
2408 42 42 44 2 43 1
2409 42 36 44 2 45 1
2410 42 36 44 2 47 1
2411 42 32 44 2 43 1
2412 42 32 44 3 43 1
2413 42 39 44 2 40 1
2414 42 36 44 2 45 1
2415 42 39 43 1 44 1
2416 42 29 44 2 45 1
2417 42 40 44 1 43 1
2418 42 31 44 2 57 1
2419 42 37 43 1 44 1
2420 42 37 44 1 43 1
2421 42 35 44 2 41 1
2422 42 35 44 2 43 1
2423 42 38 44 3 41 1
2424 42 36 44 3 43 1
2425 42 36 44 2 86 1
2426 42 36 44 1 43 1
2427 42 40 44 2 62 1
2428 42 38 44 2 43 1
2429 42 28 44 2 43 2
2430 42 34 44 2 43 1
2431 42 32 94 1 43 1
2432 42 32 44 2 43 1
2433 42 36 44 2 40 1
2434 42 36 44 2 96 1
2435 42 40 44 1 45 1
2436 42 41 44 1 45 1
2437 42 36 44 2 45 1
2438 42 31 44 2 43 1
2439 42 32 44 3 45 1
2440 42 31 44 3 43 1
2441 42 35 44 2 51 1
2442 42 35 44 3 39 1
2443 42 39 44 3 33 1
2444 42 36 44 3 43 1
2445 42 40 44 2 43 1
2446 42 32 44 2 43 1
2447 42 36 44 2 43 1
2448 42 43 44 2 56 1
2449 42 32 44 2 49 1
2450 42 32 44 2 45 1
2451 42 38 44 3 45 1
2452 42 39 44 2 45 1
2453 42 35 44 3 84 2
2454 42 34 44 2 84 1
2455 42 30 44 3 45 1
2456 42 42 44 1 45 1
2457 42 36 44 3 43 1
2458 42 36 44 1 47 1
2459 42 32 44 3 43 1
2460 42 42 44 2 106 1
2461 42 37 44 3 43 1
2462 42 37 44 1 43 1
2463 42 35 44 1 43 1
2464 42 35 44 4 43 1
2465 42 42 44 2 47 1
2466 42 35 44 2 43 1
2467 42 34 45 1 43 1
2468 42 33 44 2 45 2
2469 42 39 44 1 45 1
2470 42 41 45 1 44 1
2471 42 28 44 2 45 1
2472 42 34 44 2 43 1
2473 42 33 44 3 43 1
2474 42 31 44 3 43 1
2475 42 42 44 2 43 1
2476 42 39 44 3 40 1
2477 42 33 44 3 43 1
2478 42 33 44 1 43 1
2479 42 31 44 2 43 1
2480 42 33 44 1 157 1
2481 42 35 44 1 40 1
2482 42 34 44 2 43 1
2483 42 40 44 2 45 2
2484 42 32 44 1 61 1
2485 42 33 44 2 96 1
2486 42 33 44 3 48 1
2487 42 37 44 2 43 1
2488 42 42 44 2 45 2
2489 42 34 44 1 46 1
2490 42 32 44 1 43 1
2491 42 33 44 2 48 1
2492 42 39 44 2 45 1
2493 42 34 44 1 47 1
2494 42 33 44 1 47 1
2495 42 32 44 1 45 1
2496 42 40 44 1 43 1
2497 42 37 44 2 43 1
2498 42 40 44 2 43 1
2499 42 39 44 2 46 1
2500 42 42 44 1 49 1
2501 42 36 44 1 43 1
2502 42 36 44 2 43 1
2503 42 35 44 2 43 1
2504 42 40 44 3 74 1
2505 42 33 44 2 50 1
2506 42 32 44 2 43 1
2507 42 33 44 2 45 1
2508 42 32 44 2 43 1
2509 42 33 44 1 40 1
2510 42 36 44 1 43 1
2511 42 30 44 2 118 1
2512 42 41 44 1 63 1
2513 42 37 44 1 43 1
2514 42 38 44 2 330 1
2515 42 34 44 2 45 1
2516 42 34 44 2 45 1
2517 42 34 44 2 45 1
2518 42 35 44 3 45 1
2519 42 41 45 2 44 1
2520 42 41 44 3 45 1
2521 42 36 44 3 46 1
2522 42 33 44 2 43 1
2523 42 34 44 2 66 1
2524 42 37 44 2 43 1
2525 42 41 44 3 43 1
2526 42 44 44 2 43 1
2527 42 39 44 2 43 1
2528 42 33 44 2 43 1
2529 42 35 44 1 40 1
2530 42 31 44 2 45 1
2531 42 34 44 1 72 1
2532 42 35 44 1 38 1
2533 42 35 44 2 43 1
2534 42 39 44 1 43 1
2535 42 38 44 3 54 1
2536 42 39 44 2 45 1
2537 42 37 44 2 46 2
2538 42 37 44 3 53 1
2539 42 39 44 3 43 1
2540 42 41 44 3 70 1
2541 42 38 43 1 44 1
2542 42 38 44 1 43 1
2543 42 34 44 3 43 1
2544 42 36 44 2 43 1
2545 42 38 44 3 43 1
2546 42 40 44 2 45 1
2547 42 39 44 3 47 1
2548 42 38 44 2 84 1
2549 42 43 44 3 43 1
2550 42 40 44 2 43 1
2551 42 45 44 1 45 1
2552 42 40 44 3 43 1
2553 42 42 44 2 45 1
2554 42 43 44 2 43 1
2555 42 40 44 2 43 1
2556 42 45 44 2 45 1
2557 42 42 44 3 43 1
2558 42 46 44 1 41 1
2559 42 44 44 2 45 1
2560 42 42 44 2 89 1
2561 42 43 43 1 44 1
2562 42 46 44 2 41 1
2563 42 39 44 2 45 1
2564 42 37 44 1 43 1
2565 42 34 44 1 72 1
2566 42 39 44 1 51 1
2567 42 43 43 1 44 1
2568 42 43 45 2 44 1
2569 42 43 44 1 43 1
2570 42 36 44 1 43 1
2571 42 37 44 1 40 1
2572 42 51 56 1 44 1
2573 42 46 44 3 43 1
2574 42 44 44 2 43 1
2575 42 38 44 1 84 1
2576 42 38 44 1 41 1
2577 42 48 44 1 48 1
2578 42 45 44 3 43 1
2579 42 40 44 2 43 1
2580 42 35 43 1 44 1
2581 42 49 43 1 44 1
2582 42 43 43 1 84 1
2583 42 36 43 1 44 1
2584 42 47 44 1 43 1
2585 42 43 44 2 43 1
2586 42 43 44 2 43 1
2587 42 43 44 1 47 1
2588 42 43 44 1 45 1
2589 42 43 44 2 43 1
2590 42 41 44 2 43 1
2591 42 40 44 1 45 1
2592 42 38 44 2 43 1
2593 42 36 44 1 43 1
2594 42 36 44 1 43 1
2595 42 34 44 1 43 1
2596 42 38 44 1 45 1
2597 42 43 44 1 43 1
2598 42 42 44 3 43 1
2599 42 44 44 1 27 1
2600 42 42 44 2 45 1
2601 42 44 44 2 43 1
2602 42 35 44 4 46 1
2603 42 39 44 2 43 1
2604 42 33 44 4 47 1
2605 42 38 44 3 46 1
2606 42 42 44 2 43 1
2607 42 42 44 2 47 1
2608 42 42 44 2 43 1
2609 42 45 44 2 40 1
2610 42 47 44 2 43 1
2611 42 39 44 3 43 1
2612 42 41 44 3 95 1
2613 42 43 44 2 45 1
2614 42 41 44 2 40 1
2615 42 39 44 3 86 1
2616 42 42 44 2 45 1
2617 42 39 44 3 45 1
2618 42 33 44 2 45 1
2619 42 31 44 3 45 1
2620 42 33 44 2 45 1
2621 42 37 44 1 76 1
2622 42 41 44 1 74 1
2623 42 37 44 3 40 2
2624 42 34 44 3 45 2
2625 42 33 44 2 82 1
2626 42 37 44 2 43 1
2627 42 42 44 1 43 1
2628 42 33 44 2 45 1
2629 42 33 44 3 43 2
2630 42 36 44 1 45 1
2631 42 32 44 4 40 1
2632 42 39 44 2 45 1
2633 42 31 44 3 43 2
2634 42 34 44 1 43 1
2635 42 36 44 2 43 1
2636 42 37 44 2 43 1
2637 42 40 44 1 40 1
2638 42 43 44 2 43 1
2639 42 44 44 3 43 1
2640 42 40 44 2 43 1
2641 42 31 44 2 40 1
2642 42 33 44 2 43 1
2643 42 35 44 2 45 1
2644 42 38 44 2 40 1
2645 42 39 44 1 40 1
2646 42 46 44 2 43 1
2647 42 36 44 2 43 1
2648 42 39 44 1 48 1
2649 42 33 44 1 43 1
2650 42 34 44 2 43 1
2651 42 34 44 2 45 1
2652 42 35 44 2 40 1
2653 42 42 44 2 45 1
2654 42 42 44 1 50 1
2655 42 41 44 2 41 1
2656 42 45 44 1 47 1
2657 42 46 44 3 39 1
2658 42 41 44 2 40 1
2659 42 49 44 1 43 1
2660 42 46 44 1 45 1
2661 42 47 44 2 43 1
2662 42 50 44 2 51 1
2663 42 47 44 1 43 1
2664 42 49 44 1 43 1
2665 42 45 44 3 45 1
2666 42 44 44 2 45 1
2667 42 49 44 2 43 1
2668 42 42 44 2 43 1
2669 42 38 44 3 46 1
2670 42 36 44 2 76 1
2671 42 42 44 2 43 1
2672 42 39 44 2 64 1
2673 42 34 44 1 43 1
2674 42 35 44 1 45 1
2675 42 33 44 3 45 1
2676 42 37 44 2 45 1
2677 42 38 44 2 86 1
2678 42 37 44 2 45 1
2679 42 41 44 2 45 1
2680 42 43 44 2 45 1
2681 42 48 44 2 71 1
2682 42 46 44 1 43 1
2683 42 48 44 1 73 1
2684 42 51 44 1 41 1
2685 42 48 44 1 46 1
2686 42 41 44 2 36 1
2687 42 39 44 1 45 1
2688 42 39 45 1 44 1
2689 42 36 44 1 43 1
2690 42 34 44 3 55 1
2691 42 34 44 2 46 1
2692 42 39 43 1 44 1
2693 42 46 44 1 43 1
2694 42 49 44 1 43 1
2695 42 44 44 1 45 1
2696 42 39 44 1 45 1
2697 42 35 44 1 45 1
2698 42 34 44 1 84 1
2699 42 40 44 1 40 1
2700 42 50 44 1 46 1
2701 42 50 44 1 40 1
2702 42 41 44 1 88 1
2703 42 37 44 1 40 1
2704 42 35 44 1 43 1
2705 42 49 44 1 43 1
2706 42 49 44 1 43 1
2707 42 46 44 1 40 1
2708 42 35 44 1 43 1
2709 42 56 44 1 38 1
2710 42 41 44 1 55 1
2711 42 47 44 1 39 1
2712 42 47 44 1 43 1
2713 42 36 44 1 84 1
2714 42 59 43 1 44 1
2715 42 36 41 1 238 1
2716 42 56 48 1 44 1
2717 42 39 48 1 46 1
2718 42 47 43 1 168 1
2719 42 45 44 1 43 1
2720 42 36 44 1 40 1
2721 42 56 44 1 45 1
2722 42 42 44 1 41 1
2723 42 40 44 1 40 1
2724 42 37 44 1 39 1
2725 42 36 44 1 43 1
2726 42 39 44 1 40 1
2727 42 36 44 1 45 1
