#exp = 1.0
#define BG_MUTATION_RATE 20000
#define CPU_MUTATION_RATE 10000
#define COPY_MUTATION_RATE 7000
#define GENOMA_SAVE_RATE 100
#define SEARCH_LIMIT 350
0 80 31 81 1 79 1
1 80 33 79 2 78 1
2 80 27 78 4 79 3
3 80 28 79 3 78 1
4 80 30 79 2 78 1
5 80 25 81 6 79 1
6 80 12 160 4 81 4
7 80 25 81 5 69 1
8 80 9 146 8 81 4
9 80 18 81 10 79 3
10 80 23 79 8 160 1
11 80 17 79 14 81 2
# Clase 80 domino por 12 generaciones
12 79 33 80 3 78 1
13 79 29 156 4 80 1
14 79 39 80 2 78 1
15 79 24 80 7 75 1
16 79 26 80 7 78 1
17 79 27 80 4 78 1
18 79 25 80 4 78 2
19 79 32 80 5 78 3
20 79 24 80 7 78 2
21 79 25 80 4 78 2
22 79 25 80 3 78 2
23 79 26 80 3 78 2
24 79 28 80 4 78 3
25 79 20 80 5 160 3
26 79 21 80 7 78 4
27 79 22 78 5 80 5
28 79 22 80 5 78 4
29 79 22 78 6 80 6
30 79 20 78 6 80 5
31 79 19 78 6 80 6
32 79 21 80 5 78 5
33 79 16 78 7 80 6
34 79 17 80 7 78 6
35 79 16 80 7 78 5
36 79 17 80 7 78 5
37 79 16 80 7 78 5
38 79 15 80 6 78 6
39 79 15 80 7 78 6
40 79 16 80 7 78 7
41 79 16 80 6 78 6
42 79 15 80 6 78 5
43 79 15 80 7 78 5
44 79 15 80 7 78 5
45 79 13 80 7 78 5
46 79 13 80 7 78 5
47 79 12 80 8 78 5
48 79 13 80 7 78 5
49 79 12 80 8 78 6
50 79 12 80 7 78 5
51 79 12 80 7 78 4
52 79 12 80 7 78 4
53 79 11 80 7 78 3
54 79 11 80 7 69 4
55 79 9 80 7 69 5
56 79 10 80 6 69 5
57 79 9 80 6 78 5
58 79 9 69 6 80 5
# Clase 79 domino por 47 generaciones
59 69 10 79 7 68 5
60 69 9 79 7 68 6
61 69 12 79 7 68 5
62 69 10 68 6 79 5
# Clase 69 domino por 4 generaciones
63 79 7 69 6 68 4
64 69 9 68 8 79 5
65 68 8 79 7 69 6
66 68 13 69 8 79 7
67 68 16 69 6 79 5
68 68 16 69 7 79 5
69 68 19 69 6 79 2
70 68 22 69 5 60 2
71 68 25 69 6 60 1
72 68 26 69 5 60 3
73 68 18 69 6 60 5
74 68 20 69 6 60 5
75 68 22 60 6 69 5
76 68 24 60 5 69 4
77 68 13 60 7 69 5
78 68 13 60 8 69 6
79 68 12 60 8 69 5
80 68 15 69 6 60 6
81 68 16 60 8 69 5
82 68 11 60 8 69 7
83 68 10 60 7 69 7
84 68 14 69 6 60 5
85 68 14 60 8 69 5
# Clase 68 domino por 21 generaciones
86 60 9 68 9 69 6
87 68 12 60 9 69 5
88 68 14 60 7 69 6
# Clase 68 domino por 2 generaciones
89 60 10 68 8 69 5
90 60 13 68 9 69 4
# Clase 60 domino por 2 generaciones
91 68 13 60 11 69 3
92 68 13 60 12 69 5
93 68 13 60 10 69 4
94 68 14 60 7 69 4
95 68 12 60 9 69 3
96 68 13 60 11 69 4
# Clase 68 domino por 6 generaciones
97 60 12 68 11 61 2
98 60 12 68 11 69 3
99 60 15 68 9 61 3
100 60 17 68 9 61 3
101 60 18 68 8 61 3
102 60 19 68 6 61 3
103 60 18 68 8 61 3
104 60 20 68 5 61 3
105 60 22 68 6 61 2
106 60 21 68 7 61 4
107 60 19 68 5 61 4
108 60 18 68 6 61 3
109 60 22 68 3 61 3
110 60 23 68 4 61 3
111 60 23 61 3 68 3
112 60 24 61 4 68 3
113 60 19 61 5 68 3
114 60 19 61 4 68 4
115 60 17 61 6 59 4
116 60 21 59 5 61 3
117 60 20 59 6 61 3
118 60 19 59 10 61 4
119 60 13 59 8 61 4
120 60 13 59 10 61 4
121 60 14 59 12 61 4
122 60 15 59 14 61 4
123 60 15 59 14 61 3
# Clase 60 domino por 27 generaciones
124 59 16 60 13 61 3
125 59 16 60 12 61 3
126 59 17 60 11 61 3
127 59 16 60 13 61 3
128 59 17 60 11 61 3
129 59 17 60 12 61 3
130 59 18 60 13 61 2
131 59 18 60 13 61 2
132 59 17 60 14 61 2
133 59 16 60 12 61 4
134 59 17 60 12 61 4
135 59 17 60 13 61 4
136 59 17 60 11 61 5
137 59 16 60 12 61 5
138 59 16 60 12 61 5
139 59 16 60 9 61 5
140 59 16 60 11 61 5
141 59 16 60 11 61 6
142 59 17 60 9 61 5
143 59 16 60 10 61 6
144 59 16 60 10 61 6
145 59 15 60 9 61 6
146 59 14 60 8 61 6
147 59 13 60 11 61 5
148 59 14 60 8 61 7
149 59 14 60 9 61 6
150 59 18 60 11 61 6
151 59 16 60 10 61 5
152 59 14 60 10 61 5
153 59 15 60 10 61 4
154 59 16 60 10 61 5
155 59 14 60 7 61 4
156 59 15 60 7 61 6
157 59 15 60 8 61 6
158 59 14 60 7 61 6
159 59 15 60 8 61 6
160 59 16 60 8 61 6
161 59 15 60 8 61 6
162 59 15 60 8 61 6
163 59 14 60 7 61 6
164 59 15 60 8 61 6
165 59 16 60 8 61 6
166 59 13 60 8 61 6
167 59 15 60 8 61 8
168 59 14 60 8 61 6
169 59 13 60 8 61 5
170 59 14 60 10 58 5
171 59 12 60 9 58 4
172 59 12 60 10 58 5
173 59 11 60 11 61 4
174 59 9 60 9 61 3
175 59 10 60 10 61 5
176 59 10 60 10 61 5
177 59 11 60 10 61 6
178 59 11 60 9 61 6
# Clase 59 domino por 55 generaciones
179 60 12 59 8 61 5
180 60 10 59 9 61 5
181 60 13 59 8 61 5
182 60 11 59 8 61 6
183 60 13 59 9 61 7
184 60 14 59 9 61 6
185 60 12 59 8 61 6
186 60 9 59 8 61 6
187 60 9 59 9 61 6
# Clase 60 domino por 9 generaciones
188 59 10 60 7 61 7
189 59 10 60 8 61 7
190 59 10 60 10 61 6
191 59 9 60 8 61 7
# Clase 59 domino por 4 generaciones
192 60 10 59 8 61 6
193 60 10 59 9 61 6
194 60 10 59 8 61 6
195 60 10 59 9 61 6
196 60 10 59 8 61 5
197 60 10 59 9 61 5
198 60 10 59 8 58 4
199 60 10 59 8 61 5
200 60 11 59 7 61 6
201 60 10 59 6 61 6
202 60 10 59 7 61 4
203 60 10 59 6 61 5
204 60 13 59 6 58 4
205 60 11 59 6 61 5
206 60 11 61 5 59 5
207 60 9 58 6 59 6
208 60 9 59 7 61 5
209 60 8 59 6 58 6
210 60 10 58 5 59 5
211 60 9 59 6 58 5
212 60 8 59 6 58 6
# Clase 60 domino por 21 generaciones
213 58 9 60 7 59 6
214 60 8 58 7 59 5
215 60 8 58 7 59 5
216 60 8 58 7 59 6
217 60 8 58 7 59 6
# Clase 60 domino por 4 generaciones
218 59 8 60 7 58 6
219 60 7 59 6 58 6
220 60 9 58 6 59 6
221 60 9 59 6 58 6
222 60 9 58 7 59 6
223 60 9 59 6 58 6
224 60 10 59 6 58 6
225 60 8 59 7 58 6
226 60 8 59 7 58 6
227 60 9 59 7 58 5
228 60 7 59 7 61 5
229 60 7 59 7 61 4
230 60 9 59 7 61 4
231 60 8 59 7 61 5
232 60 7 59 7 61 4
233 60 8 59 8 61 4
# Clase 60 domino por 15 generaciones
234 59 8 56 6 60 6
235 60 6 59 6 56 6
236 60 7 59 7 56 6
237 60 8 59 7 56 5
238 60 7 59 6 56 6
239 60 7 59 6 56 6
240 60 7 56 7 59 5
# Clase 60 domino por 6 generaciones
241 56 7 60 6 59 5
242 60 7 56 6 59 5
243 56 7 60 7 59 5
244 56 7 60 6 59 5
245 56 8 60 6 59 4
246 56 10 60 6 59 4
247 56 9 60 6 61 4
248 56 10 60 5 61 4
249 56 9 60 5 55 4
250 56 9 55 6 60 5
251 56 9 60 7 55 3
252 56 9 55 6 60 5
253 56 9 55 5 60 5
254 56 8 60 5 55 3
255 56 7 60 6 55 5
256 56 7 60 5 55 5
257 56 7 60 5 55 3
258 56 8 60 5 55 5
259 56 7 55 6 60 4
260 56 7 55 6 60 4
# Clase 56 domino por 18 generaciones
261 55 8 56 6 60 4
262 56 7 55 6 60 5
263 56 7 60 5 55 5
264 56 7 55 6 60 5
265 56 7 55 5 60 5
266 56 7 55 5 60 5
267 56 7 55 5 60 5
268 56 7 55 7 60 4
# Clase 56 domino por 7 generaciones
269 55 8 56 7 60 4
270 55 8 56 6 60 3
271 55 10 56 5 59 3
272 55 10 56 5 54 4
273 55 6 56 5 54 4
274 55 7 54 6 56 5
275 55 11 54 5 56 4
276 55 10 54 5 56 4
277 55 9 56 5 54 4
278 55 11 56 5 54 4
279 55 9 54 7 56 4
280 55 9 54 5 56 4
281 55 9 56 5 54 4
282 55 10 54 7 56 4
283 55 10 54 6 56 4
284 55 10 54 7 56 5
285 55 9 54 6 56 5
286 55 8 56 6 54 5
287 55 9 54 8 56 4
288 55 7 54 5 56 4
289 55 7 54 5 56 5
290 55 8 54 6 56 5
291 55 7 54 6 56 5
292 55 7 54 6 56 5
# Clase 55 domino por 24 generaciones
293 54 7 55 7 56 5
294 54 11 55 7 56 4
295 54 14 55 6 56 4
296 54 15 55 6 56 3
297 54 14 55 5 56 4
298 54 13 55 6 56 4
299 54 24 55 4 56 2
300 54 17 55 6 56 4
301 54 21 55 5 56 3
302 54 23 55 5 56 3
303 54 21 55 5 56 2
304 54 20 55 5 53 3
305 54 18 55 5 53 3
306 54 27 55 6 53 4
307 54 19 55 6 53 3
308 54 19 55 6 53 3
309 54 14 55 6 53 5
310 54 16 55 7 56 4
311 54 16 55 7 53 5
312 54 15 55 7 53 4
313 54 15 55 9 56 4
314 54 13 55 9 56 4
315 54 18 55 10 53 3
316 54 15 55 10 56 3
317 54 14 55 10 53 3
318 54 13 55 10 53 4
319 54 12 55 10 53 4
320 54 13 55 10 53 4
# Clase 54 domino por 28 generaciones
321 55 12 54 11 53 4
322 54 13 55 9 53 4
323 54 13 55 12 53 3
324 54 12 55 10 53 3
325 54 13 55 11 53 3
326 54 12 55 10 53 4
327 54 12 55 9 53 3
328 54 13 55 8 56 3
329 54 11 55 9 56 4
330 54 11 55 9 56 4
331 54 13 55 11 56 3
332 54 11 55 10 56 4
333 54 11 55 10 56 4
# Clase 54 domino por 12 generaciones
334 55 10 54 9 53 5
335 55 9 54 9 56 3
336 55 10 54 10 56 4
# Clase 55 domino por 3 generaciones
337 54 10 55 9 56 4
338 54 10 55 10 56 4
339 54 9 55 9 57 4
340 54 11 55 9 56 5
341 54 11 55 8 56 4
342 54 10 55 8 56 5
343 54 9 55 7 53 4
344 54 10 55 9 56 4
345 54 9 55 8 56 3
346 54 10 55 9 53 3
347 54 9 55 8 56 4
348 54 10 55 8 53 4
349 54 9 55 8 56 4
350 54 9 55 9 56 4
351 54 10 55 8 53 4
352 54 9 55 8 53 3
353 54 9 55 9 57 3
354 54 9 55 8 57 3
355 54 9 55 7 58 4
356 54 10 55 7 53 3
357 54 10 55 7 56 3
358 54 10 55 7 56 4
359 54 10 55 7 56 4
360 54 11 55 6 53 4
361 54 10 55 7 56 4
362 54 11 55 7 56 5
363 54 11 55 7 56 3
364 54 11 55 7 56 3
365 54 11 55 7 56 3
366 54 11 55 7 56 3
367 54 11 55 7 56 3
368 54 10 55 6 56 5
369 54 10 55 6 56 4
370 54 10 55 6 56 4
371 54 10 55 6 56 4
372 54 9 51 7 55 6
373 54 8 51 8 55 5
374 54 9 51 8 55 5
375 54 8 51 7 55 6
# Clase 54 domino por 39 generaciones
376 51 8 54 6 55 5
377 54 8 51 7 55 5
378 51 8 54 8 55 5
379 54 7 51 7 55 5
380 54 7 51 7 55 5
381 54 8 51 7 55 6
# Clase 54 domino por 3 generaciones
382 51 7 54 7 55 5
383 51 11 54 6 55 4
384 51 14 54 5 55 4
385 51 13 54 5 55 3
386 51 11 54 5 55 4
387 51 13 54 5 55 4
388 51 17 54 4 55 3
389 51 18 54 4 55 3
390 51 18 54 4 55 4
391 51 21 54 5 55 4
392 51 35 54 4 55 3
393 51 32 54 1 52 1
394 51 41 52 3 54 2
395 51 37 52 1 54 1
396 51 29 52 2 50 1
397 51 30 52 2 50 1
398 51 29 52 2 50 1
399 51 28 52 3 50 1
400 51 28 52 4 50 1
401 51 30 52 2 50 1
402 51 29 52 3 50 1
403 51 28 52 4 50 2
404 51 27 52 4 50 2
405 51 31 52 5 50 3
406 51 27 52 3 50 3
407 51 27 52 5 50 1
408 51 26 52 4 53 2
409 51 26 52 5 50 2
410 51 25 52 5 50 2
411 51 25 52 5 50 2
412 51 26 52 5 50 2
413 51 22 52 6 50 4
414 51 23 52 6 50 3
415 51 28 52 6 50 3
416 51 25 52 4 50 3
417 51 24 52 5 50 3
418 51 20 52 6 50 5
419 51 22 52 7 50 3
420 51 22 52 7 50 3
421 51 24 52 6 50 5
422 51 23 52 6 50 3
423 51 23 52 6 50 2
424 51 22 52 7 53 2
425 51 21 52 7 53 2
426 51 25 52 8 53 2
427 51 23 52 6 50 1
428 51 24 52 5 50 2
429 51 20 52 6 50 2
430 51 21 52 7 53 2
431 51 20 52 7 53 2
432 51 21 52 8 50 2
433 51 17 52 10 50 2
434 51 25 52 8 50 2
435 51 22 52 7 50 2
436 51 21 52 7 50 2
437 51 21 52 7 50 2
438 51 19 52 7 50 2
439 51 15 52 7 50 2
440 51 18 52 6 50 2
441 51 13 29 6 52 5
442 51 14 52 5 50 3
443 51 18 52 6 50 4
444 51 18 52 6 50 4
445 51 17 52 6 50 3
446 51 16 52 7 50 3
447 51 16 52 8 50 3
448 51 18 52 7 50 4
449 51 16 52 6 50 3
450 51 14 52 6 54 3
451 51 15 52 7 50 3
452 51 15 52 7 50 3
453 51 14 52 7 50 4
454 51 15 52 6 50 4
455 51 15 52 6 50 4
456 51 15 52 6 50 4
457 51 15 52 5 50 4
458 51 15 52 6 50 4
459 51 14 52 6 50 5
460 51 14 52 6 50 4
461 51 13 52 6 47 4
462 51 14 52 6 47 5
463 51 13 47 6 52 6
464 51 12 47 7 52 5
465 51 12 47 8 52 5
466 51 12 47 8 52 5
467 51 11 47 10 52 5
# Clase 51 domino por 86 generaciones
468 47 11 51 10 52 4
469 47 11 51 8 52 6
# Clase 47 domino por 2 generaciones
470 51 8 47 7 52 5
471 47 11 51 8 52 5
472 47 10 51 8 52 4
473 47 11 51 8 52 5
474 47 15 51 6 52 3
475 47 14 51 6 52 4
476 47 15 51 8 52 3
477 47 15 51 6 52 4
478 47 16 51 8 52 4
479 47 16 51 6 52 2
480 47 12 51 7 49 5
481 47 15 51 6 49 3
482 47 17 51 5 49 3
483 47 14 51 6 49 3
484 47 19 51 4 49 4
485 47 16 49 5 51 5
486 47 13 51 6 49 6
487 47 17 49 6 51 4
488 47 15 49 5 51 5
489 47 13 49 7 51 5
490 47 15 49 5 51 5
491 47 14 49 6 51 5
492 47 12 49 7 51 4
493 47 12 49 8 51 3
494 47 12 49 8 51 3
495 47 10 49 10 51 4
496 47 12 49 8 51 3
497 47 9 49 9 51 3
498 47 13 49 8 51 4
499 47 10 49 7 50 3
500 47 10 49 9 51 3
501 47 12 49 8 51 3
502 47 12 49 8 51 3
503 47 10 49 9 48 3
504 47 11 49 6 48 5
505 47 10 49 8 50 3
506 47 9 49 7 50 3
507 47 10 49 7 51 3
508 47 9 45 7 49 5
# Clase 47 domino por 38 generaciones
509 45 8 47 8 49 6
510 45 9 47 8 49 5
511 45 10 47 8 49 5
512 45 11 47 6 49 6
513 45 11 47 7 49 5
514 45 12 47 7 49 4
515 45 15 47 7 49 4
516 45 14 47 8 49 4
517 45 12 47 8 49 5
518 45 14 47 7 49 4
519 45 15 47 7 49 4
520 45 17 47 6 49 4
521 45 22 47 4 49 3
522 45 23 47 4 49 3
523 45 25 47 3 46 2
524 45 39 46 2 44 2
525 45 28 44 2 46 1
526 45 43 44 3 46 2
527 45 28 44 2 46 2
528 45 29 44 2 46 1
529 45 28 44 3 46 2
530 45 28 44 2 46 2
531 45 28 47 2 46 2
532 45 26 44 4 46 2
533 45 27 44 2 46 2
534 45 29 46 3 44 2
535 45 26 46 4 44 3
536 45 26 46 4 44 3
537 45 35 46 5 44 3
538 45 26 46 4 44 3
539 45 25 46 3 44 3
540 45 32 46 4 44 4
541 45 24 46 4 44 3
542 45 24 46 4 44 3
543 45 30 46 5 44 4
544 45 22 46 7 44 3
545 45 24 46 5 44 3
546 45 23 46 6 44 4
547 45 23 46 6 44 3
548 45 24 46 6 44 4
549 45 23 46 6 44 3
550 45 22 46 7 44 3
551 45 24 46 7 44 4
552 45 20 46 7 44 3
553 45 21 46 7 44 3
554 45 25 46 7 44 3
555 45 20 46 7 44 3
556 45 20 46 7 44 4
557 45 23 46 7 44 4
558 45 20 46 7 44 3
559 45 19 46 8 44 4
560 45 21 46 7 44 4
561 45 18 46 6 44 5
562 45 19 46 7 44 4
563 45 19 46 7 44 4
564 45 17 46 8 44 5
565 45 18 46 8 44 4
566 45 17 46 8 44 5
567 45 16 46 7 44 5
568 45 18 46 9 44 4
569 45 19 46 9 44 4
570 45 18 46 8 44 4
571 45 19 46 9 44 4
572 45 19 46 8 44 4
573 45 18 46 8 47 4
574 45 18 46 8 44 4
575 45 17 46 8 44 4
576 45 17 46 8 44 4
577 45 17 46 8 47 4
578 45 16 46 8 47 4
579 45 16 46 8 47 4
580 45 16 46 8 47 4
581 45 16 46 7 47 4
582 45 16 46 8 47 4
583 45 14 46 8 47 4
584 45 15 46 9 47 4
585 45 14 46 10 47 4
586 45 14 46 8 47 5
587 45 15 46 9 47 4
588 45 14 46 9 47 5
589 45 14 46 9 47 4
590 45 13 46 9 47 4
591 45 13 46 9 47 5
592 45 13 46 9 47 5
593 45 12 46 10 47 5
594 45 12 46 10 47 5
595 45 12 46 9 47 5
596 45 12 46 9 47 5
597 45 12 46 9 47 5
598 45 11 46 9 47 5
599 45 9 46 7 47 5
600 45 10 46 8 47 6
601 45 10 46 7 47 6
602 45 10 46 8 47 6
603 45 9 46 7 47 5
604 45 10 46 7 47 6
605 45 8 46 7 47 6
606 45 8 46 8 47 6
607 45 8 46 8 47 7
608 45 8 46 7 47 6
609 45 8 46 7 47 6
610 45 7 46 7 47 6
# Clase 45 domino por 102 generaciones
611 46 7 45 7 47 5
612 45 7 46 6 47 5
613 45 7 47 6 46 5
614 45 6 46 6 43 5
# Clase 45 domino por 3 generaciones
615 43 6 45 5 46 5
616 43 6 45 6 46 5
617 43 6 45 6 46 5
618 43 5 46 5 45 5
# Clase 43 domino por 4 generaciones
619 46 5 43 5 45 5
620 47 5 43 5 46 5
621 43 5 45 5 46 5
622 43 7 45 4 42 4
623 43 6 42 4 45 4
624 43 6 46 5 42 5
625 43 6 45 5 46 4
626 43 6 45 5 46 5
627 43 6 46 4 45 4
628 43 6 45 4 46 4
629 43 7 45 4 42 4
630 43 7 42 4 46 4
631 43 7 45 4 46 4
632 43 7 45 4 46 4
633 43 7 45 4 46 4
634 43 6 42 4 45 4
635 43 8 42 5 45 4
636 43 7 42 5 45 4
637 43 5 42 5 46 4
638 43 7 42 5 45 4
639 43 6 42 6 46 4
640 43 7 42 6 45 4
641 43 6 42 6 46 4
642 43 6 42 5 46 4
643 43 6 42 5 45 4
644 43 6 42 6 45 4
# Clase 43 domino por 24 generaciones
645 42 7 46 5 43 5
646 42 7 43 5 45 4
647 42 7 43 6 46 4
648 42 7 43 6 45 4
649 42 7 43 5 45 4
650 42 8 43 6 45 4
651 42 9 43 5 45 4
652 42 10 43 5 45 4
653 42 9 43 5 45 3
654 42 9 43 5 45 4
655 42 9 43 6 45 3
656 42 10 43 5 45 4
657 42 9 43 5 45 4
658 42 9 43 6 45 4
659 42 10 43 5 45 4
660 42 10 43 5 45 4
661 42 9 43 5 45 4
662 42 10 43 5 45 4
663 42 12 43 6 45 3
664 42 12 43 5 45 3
665 42 11 43 4 45 3
666 42 12 43 5 45 3
667 42 13 43 5 45 3
668 42 15 43 4 45 3
669 42 16 43 3 45 3
670 42 16 43 5 44 3
671 42 15 43 4 45 3
672 42 18 43 3 44 2
673 42 19 43 3 45 2
674 42 21 43 3 44 2
675 42 18 43 4 44 2
676 42 22 43 3 44 2
677 42 25 43 4 44 1
678 42 21 43 4 44 3
679 42 24 43 3 44 2
680 42 26 43 3 44 1
681 42 23 43 3 44 2
682 42 26 43 3 44 2
683 42 27 44 3 43 2
684 42 24 43 3 44 2
685 42 26 43 3 44 2
686 42 27 43 3 44 2
687 42 25 43 3 44 2
688 42 26 43 3 44 3
689 42 32 43 4 44 2
690 42 23 43 4 44 2
691 42 25 43 4 44 2
692 42 22 43 5 41 2
693 42 23 43 5 44 2
694 42 25 43 4 41 1
695 42 22 43 4 41 2
696 42 23 43 4 41 2
697 42 27 43 6 45 2
698 42 22 43 5 41 2
699 42 24 43 5 44 1
700 42 22 43 5 44 2
701 42 24 43 5 45 1
702 42 24 43 5 45 1
703 42 22 43 5 46 3
704 42 22 43 4 45 1
705 42 28 43 5 41 1
706 42 24 43 4 41 2
707 42 25 43 4 41 2
708 42 24 43 5 41 2
709 42 24 43 5 41 2
710 42 24 43 5 41 1
711 42 22 43 6 41 2
712 42 24 43 6 41 1
713 42 23 43 6 41 2
714 42 21 43 7 41 2
715 42 22 43 8 41 2
716 42 24 43 7 41 2
717 42 22 43 7 41 2
718 42 21 43 7 41 2
719 42 21 43 7 41 3
720 42 20 43 8 41 2
721 42 18 43 8 41 3
722 42 18 43 8 41 3
723 42 19 43 8 41 3
724 42 19 43 9 41 3
725 42 16 43 8 41 3
726 42 16 43 9 41 3
727 42 15 43 8 41 4
728 42 17 43 9 41 3
729 42 16 43 8 41 5
730 42 16 43 8 41 6
731 42 14 43 7 41 6
732 42 15 43 8 41 6
733 42 15 43 8 41 5
734 42 15 43 9 41 5
735 42 15 43 7 41 5
736 42 15 43 7 41 6
737 42 14 43 7 41 7
738 42 13 41 7 43 7
739 42 13 43 7 41 6
740 42 14 43 7 41 6
741 42 13 43 7 41 6
742 42 13 43 7 41 6
743 42 13 41 7 43 6
744 42 14 43 7 41 6
745 42 13 41 7 43 7
746 42 13 41 7 43 7
747 42 13 43 7 41 7
748 42 13 41 7 43 7
749 42 12 43 9 41 6
750 42 14 43 6 41 6
751 42 13 43 7 41 6
752 42 15 43 6 41 5
753 42 14 43 7 41 5
754 42 14 43 6 41 5
755 42 13 43 7 41 5
756 42 13 43 7 41 5
757 42 13 43 7 41 6
758 42 13 43 8 41 6
759 42 13 43 8 41 5
760 42 12 43 7 41 5
761 42 12 43 7 41 6
762 42 12 43 7 41 5
763 42 12 43 7 41 6
764 42 12 43 8 41 5
765 42 13 43 7 41 4
766 42 12 43 7 44 4
767 42 13 43 8 44 4
768 42 11 43 7 44 5
769 42 12 43 8 44 5
770 42 11 43 7 44 4
771 42 11 43 8 44 5
772 42 10 43 7 47 4
773 42 10 43 9 44 5
# Clase 42 domino por 129 generaciones
774 43 10 42 8 44 4
775 42 10 43 8 44 4
776 42 9 43 8 44 4
777 42 9 43 8 44 4
778 42 9 43 8 44 4
779 42 10 43 8 44 4
780 42 9 43 8 44 4
# Clase 42 domino por 6 generaciones
781 43 9 42 8 44 4
782 42 9 43 8 44 4
783 42 9 43 7 41 3
# Clase 42 domino por 2 generaciones
784 43 9 42 9 44 4
785 43 10 42 9 44 4
# Clase 43 domino por 2 generaciones
786 42 8 43 7 44 4
787 42 8 43 8 44 4
# Clase 42 domino por 2 generaciones
788 43 9 42 7 44 5
789 43 9 42 8 44 6
790 43 10 42 8 44 5
791 43 10 42 8 44 5
792 43 9 42 8 44 5
793 43 10 42 8 44 5
794 43 10 42 7 44 5
795 43 9 42 7 44 6
796 43 10 42 8 44 6
797 43 10 42 8 44 6
798 43 10 42 8 44 5
799 43 9 42 7 44 5
800 43 9 42 6 44 5
801 43 10 42 6 41 6
802 43 9 42 6 44 6
803 43 8 42 7 41 6
# Clase 43 domino por 16 generaciones
804 41 9 43 8 42 6
805 41 9 43 7 42 6
806 41 11 43 7 42 6
807 41 13 43 6 42 5
808 41 14 43 8 42 5
809 41 10 43 7 44 5
810 41 11 43 7 42 6
811 41 14 43 6 42 5
812 41 16 43 6 42 5
813 41 17 43 5 42 4
814 41 19 43 5 44 4
815 41 14 43 6 42 5
816 41 15 43 5 42 5
817 41 17 43 5 42 4
818 41 19 43 4 42 4
819 41 23 42 5 43 4
820 41 18 43 5 42 4
821 41 18 43 5 42 4
822 41 20 43 4 42 4
823 41 20 43 5 42 4
824 41 23 42 5 43 5
825 41 16 42 6 43 5
826 41 18 42 5 43 5
827 41 18 42 5 43 4
828 41 19 42 5 43 4
829 41 18 42 6 43 5
830 41 17 42 7 43 4
831 41 18 42 6 43 4
832 41 18 42 6 43 5
833 41 21 42 7 43 5
834 41 15 42 7 43 4
835 41 16 42 7 43 4
836 41 18 42 6 43 3
837 41 19 42 7 43 4
838 41 15 42 7 43 4
839 41 13 42 6 43 4
840 41 15 42 7 43 4
841 41 17 42 6 43 3
842 41 18 42 7 43 4
843 41 15 42 7 43 4
844 41 15 42 8 43 3
845 41 17 42 6 43 4
846 41 17 42 6 43 4
847 41 16 42 7 43 4
848 41 15 42 8 43 4
849 41 15 42 7 43 4
850 41 15 42 7 43 4
851 41 15 42 7 43 4
852 41 15 42 7 43 5
853 41 14 42 7 43 5
854 41 15 42 7 43 4
855 41 16 42 6 43 4
856 41 18 42 7 43 5
857 41 15 42 6 43 4
858 41 18 42 6 43 4
859 41 19 42 6 43 3
860 41 21 42 7 43 4
861 41 17 42 6 43 4
862 41 20 42 5 43 3
863 41 20 42 6 43 3
864 41 20 42 7 43 3
865 41 18 42 5 43 3
866 41 19 42 5 43 3
867 41 19 42 5 43 3
868 41 16 42 7 43 2
869 41 18 42 6 43 3
870 41 18 42 7 43 2
871 41 18 42 5 43 3
872 41 16 42 7 43 3
873 41 18 42 5 43 3
874 41 18 42 6 43 2
875 41 19 42 7 43 2
876 41 16 42 6 40 2
877 41 19 42 5 43 2
878 41 20 42 5 43 2
879 41 17 42 7 43 2
880 41 18 42 5 43 3
881 41 19 42 6 43 2
882 41 20 42 6 43 3
883 41 17 42 6 43 2
884 41 16 42 6 43 2
885 41 18 42 6 43 2
886 41 18 42 6 43 3
887 41 16 42 6 43 3
888 41 18 42 5 43 3
889 41 18 42 5 40 3
890 41 19 42 5 43 3
891 41 15 42 6 43 3
892 41 16 42 6 43 3
893 41 17 42 6 43 3
894 41 17 42 7 43 3
895 41 16 42 7 43 3
896 41 15 42 6 43 4
897 41 16 42 7 43 3
898 41 14 42 6 40 4
899 41 16 42 6 43 3
900 41 15 42 7 43 3
901 41 15 42 7 43 4
902 41 14 42 7 43 4
903 41 15 42 8 43 4
904 41 13 42 8 43 4
905 41 14 42 7 43 4
906 41 13 42 8 43 4
907 41 13 42 7 43 4
908 41 13 42 8 43 4
909 41 14 42 8 43 4
910 41 13 42 8 40 4
911 41 13 42 9 43 4
912 41 11 42 9 43 5
913 41 11 42 9 43 3
914 41 12 42 8 43 4
915 41 12 42 8 43 4
916 41 12 42 9 43 4
917 41 11 42 8 43 4
918 41 11 42 8 43 4
919 41 11 42 7 43 3
920 41 12 42 8 43 4
921 41 11 42 8 43 4
922 41 12 42 8 43 4
923 41 12 42 8 43 4
924 41 14 42 8 43 4
925 41 12 42 8 43 4
926 41 13 42 8 43 4
927 41 13 42 8 43 4
928 41 14 42 8 43 4
929 41 14 42 7 40 4
930 41 14 42 7 43 4
931 41 20 42 7 43 3
932 41 17 42 6 43 3
933 41 19 42 5 43 3
934 41 20 42 5 40 2
935 41 20 42 7 40 3
936 41 18 42 5 40 3
937 41 22 42 5 40 3
938 41 19 42 7 43 4
939 41 16 42 6 43 4
940 41 21 42 5 43 3
941 41 23 42 6 43 4
942 41 18 42 6 40 4
943 41 20 42 4 40 3
944 41 21 42 5 40 3
945 41 18 42 6 40 3
946 41 20 42 5 40 3
947 41 23 42 4 40 2
948 41 26 42 6 43 4
949 41 19 42 6 43 4
950 41 22 42 4 43 4
951 41 25 42 7 43 4
952 41 19 42 7 43 3
953 41 19 42 7 43 3
954 41 21 42 6 43 4
955 41 16 42 7 43 5
956 41 19 42 6 43 4
957 41 20 42 5 43 3
958 41 16 42 9 43 4
959 41 18 42 6 43 4
960 41 19 42 6 43 3
961 41 21 42 6 43 4
962 41 16 42 7 43 4
963 41 18 42 6 43 3
964 41 19 42 6 43 3
965 41 17 42 7 43 4
966 41 15 42 7 43 5
967 41 18 42 6 43 4
968 41 17 42 7 43 4
969 41 16 42 8 43 4
970 41 17 42 7 43 5
971 41 16 42 7 43 4
972 41 15 42 8 43 5
973 41 16 42 7 43 4
974 41 16 42 8 43 4
975 41 14 42 8 43 4
976 41 14 42 8 43 4
977 41 15 42 8 43 5
978 41 13 42 9 43 5
979 41 14 42 8 43 5
980 41 13 42 8 43 5
981 41 12 42 8 43 5
982 41 12 42 9 43 5
983 41 13 42 8 43 5
984 41 12 42 9 43 5
985 41 13 42 8 43 5
986 41 14 42 8 43 4
987 41 14 42 8 43 4
988 41 17 42 7 43 4
989 41 16 42 6 40 4
990 41 18 42 7 43 4
991 41 16 42 7 43 4
992 41 16 42 8 43 4
993 41 16 42 8 43 4
994 41 13 42 7 43 5
995 41 15 42 7 43 3
996 41 15 42 7 43 4
997 41 17 42 7 43 3
998 41 15 42 8 43 4
999 41 15 42 8 43 3
1000 41 16 42 7 43 3
1001 41 13 42 8 43 3
1002 41 15 42 8 43 3
1003 41 15 42 8 43 4
1004 41 14 42 7 43 3
1005 41 14 42 8 43 3
1006 41 14 42 7 43 4
1007 41 14 42 7 43 3
1008 41 14 42 7 43 3
1009 41 13 42 8 43 4
1010 41 14 42 7 43 4
1011 41 13 42 8 43 4
1012 41 14 42 8 43 3
1013 41 13 42 8 43 4
1014 41 13 42 8 43 3
1015 41 13 42 8 43 4
1016 41 12 42 8 43 4
1017 41 12 42 8 43 5
1018 41 12 42 8 43 4
1019 41 11 42 8 40 3
1020 41 11 42 7 43 5
1021 41 11 42 9 43 5
1022 41 12 42 8 43 5
1023 41 10 42 6 43 4
1024 41 11 42 7 43 5
1025 41 10 42 9 43 5
1026 41 11 42 8 43 5
1027 41 12 42 8 43 5
1028 41 12 42 7 43 5
1029 41 13 42 7 43 4
1030 41 17 42 5 43 4
1031 41 19 42 6 43 3
1032 41 16 42 7 43 3
1033 41 18 42 6 43 3
1034 41 19 42 6 40 3
1035 41 19 42 6 43 3
1036 41 21 42 6 40 2
1037 41 16 42 8 43 4
1038 41 20 42 6 43 3
1039 41 20 42 7 43 4
1040 41 15 42 9 43 3
1041 41 17 42 8 43 3
1042 41 15 42 9 43 4
1043 41 16 42 8 43 3
1044 41 18 42 7 43 3
1045 41 14 42 9 40 5
1046 41 14 42 8 43 4
1047 41 16 42 8 40 3
1048 41 13 42 9 43 4
1049 41 16 42 8 43 4
1050 41 16 42 9 43 4
1051 41 12 42 9 43 4
1052 41 15 42 9 43 3
1053 41 14 42 9 43 4
1054 41 12 42 9 43 4
1055 41 13 42 8 43 6
1056 41 14 42 9 43 5
1057 41 14 42 10 43 4
1058 41 14 42 8 43 5
1059 41 15 42 9 43 4
1060 41 15 42 9 43 5
1061 41 15 42 8 43 4
1062 41 16 42 8 43 3
1063 41 13 42 8 43 4
1064 41 15 42 8 43 3
1065 41 16 42 8 43 3
1066 41 15 42 8 43 4
1067 41 18 42 7 40 3
1068 41 18 42 8 40 4
1069 41 19 42 6 43 3
1070 41 17 42 7 43 3
1071 41 22 42 6 40 2
1072 41 18 42 8 43 3
1073 41 19 42 6 40 3
1074 41 16 42 8 43 3
1075 41 19 42 6 40 3
1076 41 19 42 7 43 3
1077 41 21 42 7 40 3
1078 41 20 42 6 40 3
1079 41 22 42 7 40 3
1080 41 21 42 6 40 3
1081 41 19 42 6 43 3
1082 41 21 42 5 40 3
1083 41 21 42 6 40 3
1084 41 18 42 6 39 3
1085 41 23 42 5 40 3
1086 41 22 42 5 40 3
1087 41 19 42 6 39 3
1088 41 22 42 5 40 3
1089 41 20 42 5 39 4
1090 41 18 42 5 39 4
1091 41 22 42 6 39 5
1092 41 19 42 5 40 4
1093 41 17 42 5 39 5
1094 41 17 39 6 42 5
1095 41 20 39 6 40 5
1096 41 18 40 6 39 6
1097 41 16 39 7 40 5
1098 41 14 39 9 40 5
1099 41 16 39 8 40 7
1100 41 15 39 8 40 7
1101 41 12 39 11 40 5
# Clase 41 domino por 298 generaciones
1102 39 12 41 11 40 5
1103 39 14 41 11 40 9
# Clase 39 domino por 2 generaciones
1104 41 12 39 10 40 8
1105 41 12 39 12 40 6
# Clase 41 domino por 2 generaciones
1106 39 14 41 10 40 6
1107 39 16 41 11 40 6
1108 39 16 41 12 40 8
1109 39 13 41 11 40 8
1110 39 14 41 11 40 7
1111 39 17 41 10 40 7
1112 39 17 41 10 40 7
1113 39 16 41 9 40 6
1114 39 18 41 9 40 7
1115 39 18 41 10 40 6
1116 39 19 41 7 40 5
1117 39 19 41 7 40 6
1118 39 22 41 8 40 7
1119 39 20 41 8 40 6
1120 39 20 41 7 40 6
1121 39 19 41 7 40 6
1122 39 19 41 7 40 7
1123 39 17 41 7 40 6
1124 39 17 41 8 40 6
1125 39 18 41 7 40 7
1126 39 18 41 6 40 6
1127 39 17 41 6 40 6
1128 39 18 41 6 40 6
1129 39 18 41 6 40 6
1130 39 19 38 7 41 6
1131 39 16 38 9 41 5
1132 39 16 38 9 40 5
1133 39 17 38 9 40 5
1134 39 14 38 11 41 4
1135 39 14 38 10 41 5
# Clase 39 domino por 30 generaciones
1136 38 14 39 13 41 4
1137 38 14 39 11 42 4
1138 38 14 39 12 40 4
1139 38 15 39 11 40 5
1140 38 14 39 10 40 5
1141 38 14 39 10 40 5
1142 38 17 39 14 40 5
1143 38 18 39 11 40 4
1144 38 18 39 11 40 4
1145 38 19 39 11 40 4
1146 38 19 39 11 40 3
1147 38 19 39 10 40 3
1148 38 17 39 10 40 4
1149 38 14 39 11 40 4
1150 38 20 39 13 40 4
1151 38 14 39 13 41 4
# Clase 38 domino por 16 generaciones
1152 39 14 38 10 41 4
1153 38 15 39 11 40 4
1154 38 14 39 10 40 4
# Clase 38 domino por 2 generaciones
1155 39 12 38 9 40 4
1156 39 12 38 11 40 3
1157 39 12 38 8 41 4
1158 39 12 38 11 41 4
1159 39 10 38 7 41 6
1160 39 12 38 9 41 3
1161 39 12 38 6 41 5
1162 39 12 38 9 41 5
1163 39 11 38 9 41 4
1164 39 8 38 7 41 5
# Clase 39 domino por 10 generaciones
1165 38 9 39 9 41 5
1166 39 12 38 7 41 4
1167 39 12 38 9 41 5
# Clase 39 domino por 2 generaciones
1168 38 14 39 10 41 5
1169 38 18 39 6 41 4
1170 38 21 39 6 41 3
1171 38 19 39 7 41 4
1172 38 22 39 6 41 3
1173 38 22 39 5 41 2
1174 38 17 39 6 52 3
1175 38 19 39 6 41 3
1176 38 15 39 7 41 4
1177 38 12 39 5 70 4
1178 38 13 39 7 41 2
1179 38 16 39 5 40 3
1180 38 20 39 4 37 3
1181 38 22 39 5 40 3
1182 38 21 39 5 40 2
1183 38 24 39 4 40 1
1184 38 21 39 6 40 2
1185 38 23 39 4 37 2
1186 38 32 39 6 37 2
1187 38 24 39 6 37 2
1188 38 19 39 6 91 4
1189 38 24 39 8 37 4
1190 38 18 39 7 37 2
1191 38 15 39 6 37 3
1192 38 17 39 8 37 3
1193 38 16 39 5 37 3
1194 38 21 39 4 37 2
1195 38 35 39 5 37 3
1196 38 20 39 5 37 3
1197 38 23 39 5 37 4
1198 38 27 39 8 37 7
1199 38 19 39 5 37 4
1200 38 20 37 5 39 5
1201 38 18 39 7 37 5
1202 38 20 39 5 37 4
1203 38 24 37 4 39 4
1204 38 16 39 6 37 5
1205 38 19 39 4 37 4
1206 38 22 39 4 37 4
1207 38 20 39 4 37 3
1208 38 23 39 5 37 3
1209 38 31 37 6 39 5
1210 38 19 39 4 37 4
1211 38 19 37 5 39 5
1212 38 21 37 11 39 6
1213 38 10 37 5 39 4
1214 38 10 39 5 37 5
1215 38 6 37 6 39 5
1216 38 9 37 6 39 5
1217 38 12 37 7 39 3
1218 38 17 37 7 39 4
1219 38 14 50 4 37 4
1220 38 15 37 3 39 3
1221 38 16 50 4 39 3
1222 38 16 39 8 37 3
1223 38 17 39 5 37 3
1224 38 22 37 3 39 3
1225 38 19 37 4 39 4
1226 38 17 39 7 37 5
1227 38 13 39 9 37 3
1228 38 10 39 3 59 3
1229 38 16 39 3 54 3
1230 38 20 39 3 37 3
1231 38 24 39 3 37 3
1232 38 20 39 4 37 3
1233 38 22 39 4 37 3
1234 38 27 37 7 39 7
1235 38 17 39 4 37 3
1236 38 20 39 4 37 3
1237 38 22 39 4 37 3
1238 38 19 39 5 40 3
1239 38 19 39 5 40 4
1240 38 20 39 4 37 3
1241 38 32 39 6 37 3
1242 38 22 39 4 40 3
1243 38 23 39 4 152 3
1244 38 21 39 5 40 2
1245 38 18 39 5 40 2
1246 38 13 159 6 39 4
1247 38 14 40 3 39 2
1248 38 12 39 3 40 2
1249 38 10 39 3 40 3
1250 38 11 39 3 40 3
1251 38 18 39 3 40 1
1252 38 16 41 2 39 2
1253 38 18 37 3 39 2
1254 38 26 39 3 40 1
1255 38 36 39 4 40 1
1256 38 19 39 3 99 2
1257 38 18 39 4 54 3
1258 38 20 39 3 40 2
1259 38 18 39 4 40 2
1260 38 24 39 4 37 2
1261 38 19 60 4 40 2
1262 38 21 39 3 40 2
1263 38 21 39 2 40 2
1264 38 14 39 4 50 2
1265 38 13 93 3 39 3
1266 38 12 39 3 40 2
1267 38 22 39 3 57 1
1268 38 23 39 3 40 1
1269 38 27 39 3 40 2
1270 38 20 50 4 39 3
1271 38 24 39 6 49 4
1272 38 21 39 3 41 2
1273 38 20 39 4 40 2
1274 38 21 39 3 50 2
1275 38 15 37 4 39 3
1276 38 12 40 6 39 3
1277 38 16 40 3 39 3
1278 38 22 39 2 40 2
1279 38 32 39 4 37 2
1280 38 17 117 2 39 2
1281 38 20 40 3 39 3
1282 38 24 40 3 39 3
1283 38 39 39 3 41 1
1284 38 26 39 3 40 2
1285 38 28 39 3 41 1
1286 38 26 39 5 40 1
1287 38 29 39 3 37 1
1288 38 27 39 3 37 2
1289 38 28 39 3 37 2
1290 38 23 39 5 37 2
1291 38 14 39 4 37 2
1292 38 15 39 4 40 2
1293 38 17 39 4 40 2
1294 38 22 39 3 37 1
1295 38 25 39 2 37 2
1296 38 27 39 3 37 1
1297 38 22 39 6 40 1
1298 38 20 39 5 95 3
1299 38 13 39 4 55 3
1300 38 10 39 3 83 2
1301 38 8 163 4 39 3
1302 38 6 37 3 39 2
1303 38 7 37 3 42 2
1304 38 10 37 5 50 4
1305 38 7 37 4 39 2
1306 38 8 39 3 109 3
1307 38 8 39 4 37 3
1308 38 8 39 4 37 3
1309 38 7 39 3 37 3
1310 38 6 37 3 55 2
1311 38 4 37 3 39 2
1312 38 5 89 4 37 3
# Clase 38 domino por 145 generaciones
1313 37 7 38 6 39 2
1314 37 9 38 5 35 2
1315 37 9 38 3 40 2
1316 37 11 38 4 36 1
1317 37 14 38 3 36 2
1318 37 18 38 3 36 1
1319 37 21 38 4 36 2
1320 37 16 39 4 38 4
1321 37 20 38 3 39 2
1322 37 18 38 4 39 2
1323 37 18 38 5 48 2
1324 37 15 38 5 36 2
1325 37 17 38 5 39 2
1326 37 16 38 5 39 2
1327 37 15 38 5 39 3
1328 37 16 38 5 39 3
1329 37 14 38 3 39 2
1330 37 12 38 4 48 3
1331 37 12 38 3 39 2
1332 37 9 49 4 38 3
1333 37 14 38 2 39 2
1334 37 9 49 3 38 2
1335 37 12 38 2 36 2
1336 37 18 38 2 39 1
1337 37 13 48 6 50 3
1338 37 14 38 4 39 2
1339 37 11 38 3 36 2
1340 37 16 38 2 41 2
1341 37 20 38 2 36 1
1342 37 13 57 4 74 3
1343 37 11 48 4 38 3
1344 37 8 38 3 40 2
1345 37 7 110 3 38 3
1346 37 11 38 3 39 2
1347 37 13 38 4 36 2
1348 37 12 38 4 36 2
1349 37 16 38 3 36 2
1350 37 22 38 3 36 1
1351 37 18 38 4 36 2
1352 37 21 38 4 39 1
1353 37 17 38 4 39 2
1354 37 19 38 4 39 2
1355 37 15 38 4 40 2
1356 37 17 38 4 39 2
1357 37 19 38 5 39 3
1358 37 13 38 4 39 3
1359 37 9 89 3 38 3
1360 37 11 46 4 38 4
1361 37 9 40 4 38 4
1362 37 8 38 4 70 4
1363 37 9 36 4 38 4
1364 37 8 38 4 36 4
1365 37 11 38 4 36 4
1366 37 13 38 4 36 4
1367 37 16 38 4 36 3
1368 37 16 38 4 36 3
1369 37 20 38 3 36 2
1370 37 17 38 4 36 3
1371 37 22 36 6 38 5
1372 37 18 38 4 36 3
1373 37 15 38 4 36 3
1374 37 15 36 5 38 4
1375 37 11 38 5 36 4
1376 37 10 38 6 36 3
1377 37 7 38 4 41 4
1378 37 7 38 6 36 4
1379 37 8 38 5 36 5
1380 37 11 38 5 36 4
1381 37 13 36 5 38 4
1382 37 14 38 4 36 3
1383 37 9 38 5 36 4
1384 37 11 38 4 36 4
1385 37 8 36 4 38 4
1386 37 8 36 4 38 4
1387 37 8 36 5 35 4
1388 37 12 36 5 35 3
1389 37 9 36 5 51 4
1390 37 10 38 5 36 4
1391 37 10 36 4 35 3
1392 37 10 36 4 35 4
1393 37 9 36 4 35 3
1394 37 9 36 5 38 4
1395 37 12 36 5 35 4
1396 37 10 36 4 35 4
1397 37 12 36 4 35 4
1398 37 13 36 4 35 4
1399 37 11 36 5 35 4
1400 37 13 36 4 38 3
1401 37 10 36 5 38 4
1402 37 9 38 4 35 4
1403 37 10 35 4 36 4
1404 37 13 36 5 35 3
1405 37 10 35 4 36 3
1406 37 11 38 4 35 3
1407 37 10 35 4 38 3
1408 37 9 50 4 38 3
1409 37 9 35 4 38 4
1410 37 8 35 4 39 4
1411 37 7 38 4 35 4
1412 37 7 35 4 36 3
1413 37 11 35 4 36 3
1414 37 9 35 5 36 4
1415 37 12 35 4 36 3
1416 37 12 35 4 36 4
1417 37 12 35 4 36 3
1418 37 14 38 3 35 3
1419 37 15 36 3 35 3
1420 37 16 38 3 36 3
1421 37 15 38 3 35 3
1422 37 19 38 3 35 3
1423 37 9 53 4 148 4
1424 37 10 38 4 39 4
1425 37 9 158 5 39 3
1426 37 9 38 6 35 5
1427 37 9 38 5 35 5
1428 37 9 35 5 36 4
1429 37 12 38 4 35 4
1430 37 10 62 4 35 4
1431 37 11 35 4 36 4
1432 37 8 35 5 36 5
1433 37 9 35 6 36 5
1434 37 13 35 5 36 4
1435 37 10 35 5 36 5
1436 37 17 35 5 36 4
1437 37 14 35 5 36 4
1438 37 10 35 6 36 4
1439 37 11 101 8 35 4
1440 37 9 35 5 36 4
1441 37 9 35 5 36 4
1442 37 8 35 5 36 4
1443 37 8 35 6 36 4
1444 37 11 35 5 36 4
1445 37 10 35 5 36 4
1446 37 12 35 4 36 3
1447 37 12 35 5 36 4
1448 37 14 35 4 38 3
1449 37 12 35 4 36 4
1450 37 11 35 5 36 4
1451 37 14 35 4 38 4
1452 37 11 35 5 38 4
1453 37 14 38 4 35 4
1454 37 9 35 5 95 4
1455 37 12 35 5 36 4
1456 37 12 35 4 36 3
1457 37 12 35 5 36 4
1458 37 11 35 5 36 5
1459 37 9 35 6 36 4
1460 37 10 39 4 35 4
1461 37 10 35 5 38 4
1462 37 9 35 6 38 5
1463 37 8 35 5 38 4
1464 37 9 35 5 38 4
1465 37 12 35 6 39 4
1466 37 12 35 4 38 4
1467 37 8 38 5 35 5
1468 37 9 38 5 35 5
1469 37 10 35 5 38 4
1470 37 10 35 6 36 4
1471 37 12 35 5 38 4
1472 37 11 35 5 36 5
1473 37 15 35 4 38 3
1474 37 11 35 4 38 3
1475 37 16 35 5 36 4
1476 37 14 35 4 38 4
1477 37 13 35 5 36 4
1478 37 13 35 4 39 3
1479 37 10 35 4 39 4
1480 37 15 35 5 36 4
1481 37 14 35 4 39 4
1482 37 8 48 4 35 4
1483 37 10 38 4 36 4
1484 37 11 36 4 35 4
1485 37 16 38 4 36 3
1486 37 16 38 4 36 3
1487 37 20 38 4 36 2
1488 37 15 38 4 35 3
1489 37 21 36 4 35 4
1490 37 13 36 5 39 3
1491 37 16 38 4 36 3
1492 37 7 159 7 38 3
1493 37 7 38 3 36 3
1494 37 5 35 3 36 3
1495 37 5 35 4 36 3
1496 37 9 35 4 36 3
1497 37 12 35 4 36 3
1498 37 10 35 4 36 3
1499 37 8 35 4 36 4
1500 37 6 35 6 36 4
1501 37 7 35 6 38 4
1502 37 6 35 6 36 4
1503 37 9 35 5 36 4
1504 37 9 35 4 36 3
1505 37 9 35 5 36 5
1506 37 11 35 5 36 4
1507 37 9 35 5 36 4
1508 37 14 35 4 36 3
1509 37 10 35 5 36 4
1510 37 16 35 3 36 3
1511 37 13 35 4 38 3
1512 37 19 38 3 35 3
1513 37 15 35 4 36 3
1514 37 22 38 4 35 2
1515 37 14 38 4 35 4
1516 37 15 38 5 35 3
1517 37 8 38 4 35 4
1518 37 10 143 5 38 3
1519 37 7 35 4 38 4
1520 37 7 35 5 36 4
1521 37 7 35 5 38 4
# Clase 37 domino por 209 generaciones
1522 35 6 37 6 36 4
1523 35 12 37 5 36 3
1524 35 14 36 3 37 3
1525 35 22 36 3 37 2
1526 35 24 36 4 37 1
1527 35 27 36 3 37 1
1528 35 27 36 5 37 1
1529 35 30 36 3 34 1
1530 35 29 36 4 69 1
1531 35 31 36 3 34 1
1532 35 44 36 5 34 1
1533 35 31 36 3 34 1
1534 35 40 36 3 34 1
1535 35 31 36 4 34 1
1536 35 33 36 3 34 1
1537 35 30 36 4 34 1
1538 35 31 36 3 34 1
1539 35 30 36 5 34 1
1540 35 30 36 3 34 1
1541 35 36 36 4 34 1
1542 35 29 36 4 34 1
1543 35 30 36 4 34 1
1544 35 29 36 4 34 2
1545 35 29 36 4 34 1
1546 35 36 36 6 34 2
1547 35 28 36 4 34 2
1548 35 28 36 4 34 2
1549 35 26 36 4 34 4
1550 35 27 36 4 34 3
1551 35 26 36 6 34 3
1552 35 25 36 5 34 3
1553 35 27 36 5 34 3
1554 35 23 36 6 34 3
1555 35 25 36 5 34 4
1556 35 25 36 6 34 4
1557 35 23 36 6 34 4
1558 35 27 36 6 34 3
1559 35 23 36 6 34 3
1560 35 24 36 6 34 3
1561 35 23 36 6 34 4
1562 35 23 36 6 34 4
1563 35 25 36 6 34 4
1564 35 22 36 7 34 4
1565 35 22 36 7 34 3
1566 35 21 36 8 34 3
1567 35 21 36 7 34 3
1568 35 22 36 8 34 3
1569 35 20 36 9 34 3
1570 35 23 36 8 34 3
1571 35 21 36 8 34 3
1572 35 21 36 8 34 3
1573 35 23 36 8 34 3
1574 35 20 36 8 34 3
1575 35 22 36 8 34 3
1576 35 20 36 8 34 4
1577 35 18 36 8 34 5
1578 35 20 36 9 34 4
1579 35 18 36 8 34 4
1580 35 18 36 9 34 4
1581 35 19 36 9 34 4
1582 35 18 36 9 34 4
1583 35 18 36 10 34 3
1584 35 18 36 9 34 4
1585 35 19 36 9 34 4
1586 35 18 36 10 34 3
1587 35 18 36 9 34 3
1588 35 18 36 10 34 3
1589 35 19 36 9 34 3
1590 35 19 36 9 34 3
1591 35 18 36 8 37 3
1592 35 20 36 8 34 3
1593 35 19 36 8 37 3
1594 35 19 36 8 37 3
1595 35 18 36 9 37 3
1596 35 17 36 8 34 4
1597 35 17 36 8 37 5
1598 35 17 36 9 34 4
1599 35 17 36 8 34 4
1600 35 17 36 9 34 3
1601 35 17 36 9 37 4
1602 35 17 36 8 34 3
1603 35 18 36 8 37 4
1604 35 17 36 9 37 4
1605 35 17 36 8 34 4
1606 35 17 36 9 37 4
1607 35 15 36 8 34 5
1608 35 16 36 9 37 4
1609 35 16 36 8 37 4
1610 35 16 36 9 37 4
1611 35 15 36 8 37 6
1612 35 15 36 8 37 5
1613 35 15 36 9 37 5
1614 35 14 36 9 37 5
1615 35 15 36 9 37 5
1616 35 14 36 10 37 5
1617 35 14 36 9 37 5
1618 35 14 36 9 37 5
1619 35 14 36 9 37 5
1620 35 13 36 8 37 5
1621 35 14 36 8 37 5
1622 35 14 36 9 37 5
1623 35 13 36 9 37 5
1624 35 13 36 8 37 5
1625 35 13 36 8 37 5
1626 35 13 36 9 37 5
1627 35 13 36 9 37 6
1628 35 14 36 9 37 5
1629 35 14 36 9 37 5
1630 35 13 36 9 37 6
1631 35 13 36 9 37 5
1632 35 12 36 9 37 5
1633 35 13 36 8 37 5
1634 35 11 36 8 38 5
1635 35 13 36 8 37 5
1636 35 12 36 8 37 5
1637 35 12 36 8 37 5
1638 35 11 36 7 37 4
1639 35 13 36 7 37 5
1640 35 12 36 7 37 4
1641 35 12 36 8 38 4
1642 35 12 36 7 37 5
1643 35 11 36 7 37 4
1644 35 11 36 6 37 5
1645 35 10 36 7 37 4
1646 35 11 36 6 37 5
1647 35 12 36 6 37 4
1648 35 12 36 6 37 4
1649 35 11 36 6 37 4
1650 35 10 36 5 37 4
1651 35 11 36 6 37 4
1652 35 10 36 5 34 4
1653 35 10 36 5 37 4
1654 35 10 36 5 37 4
1655 35 9 36 6 37 5
1656 35 10 36 5 34 4
1657 35 10 36 5 37 4
1658 35 8 37 5 36 4
1659 35 9 36 5 37 4
1660 35 8 38 5 36 4
1661 35 9 36 5 37 4
1662 35 10 36 5 34 4
1663 35 8 36 5 34 5
1664 35 8 36 5 34 4
1665 35 8 36 6 37 5
1666 35 8 36 6 34 4
1667 35 8 36 6 37 4
1668 35 8 36 6 37 4
1669 35 7 36 6 37 4
1670 35 6 36 6 34 4
1671 35 6 36 6 34 4
# Clase 35 domino por 150 generaciones
1672 36 7 35 6 34 3
1673 35 7 36 5 37 4
1674 35 7 36 5 37 5
1675 35 6 36 6 34 4
# Clase 35 domino por 3 generaciones
1676 36 6 35 6 37 4
1677 36 7 35 6 38 4
1678 36 7 35 6 38 4
1679 36 7 35 6 38 3
1680 36 7 35 6 37 3
1681 36 7 35 6 38 3
1682 36 7 35 6 38 3
1683 36 7 35 6 38 4
1684 36 6 35 6 38 3
1685 36 5 35 5 40 3
1686 36 6 35 5 34 3
1687 36 6 35 6 37 3
1688 36 6 35 6 37 4
1689 36 6 35 6 34 3
1690 36 6 35 6 37 4
1691 36 7 35 5 37 4
1692 36 7 35 5 37 4
1693 36 8 35 5 37 4
1694 36 8 35 5 37 4
1695 36 8 35 5 37 4
1696 36 8 35 5 37 4
1697 36 8 35 5 37 4
1698 36 7 35 5 37 4
1699 36 7 35 5 37 4
1700 36 7 35 5 37 4
1701 36 7 35 5 37 4
1702 36 7 35 5 37 4
1703 36 7 35 4 34 4
1704 36 7 35 5 37 4
1705 36 7 35 4 37 4
1706 36 7 37 4 35 4
1707 36 7 35 4 37 4
1708 36 6 38 5 35 4
1709 36 7 35 4 37 4
1710 36 7 35 4 37 4
1711 36 7 37 5 35 4
1712 36 6 37 4 35 4
1713 36 7 37 4 35 4
1714 36 6 34 4 37 4
# Clase 36 domino por 39 generaciones
1715 34 7 36 5 37 3
1716 36 6 34 6 37 4
1717 34 7 36 5 37 4
1718 34 6 36 5 37 3
1719 34 6 36 5 37 4
# Clase 34 domino por 3 generaciones
1720 36 6 34 6 37 4
1721 34 6 42 5 36 4
1722 34 7 36 4 115 4
1723 34 6 36 5 37 4
1724 34 6 36 5 37 4
1725 34 6 36 5 37 4
1726 34 7 36 4 37 4
1727 34 6 36 4 37 4
1728 34 6 36 4 43 4
1729 34 6 37 5 36 4
1730 34 6 36 5 37 4
1731 34 6 37 5 36 4
1732 34 5 37 5 36 4
1733 34 5 37 4 36 4
1734 34 4 35 4 37 3
1735 34 5 37 5 36 4
# Clase 34 domino por 15 generaciones
1736 37 4 34 4 36 4
1737 37 5 34 4 36 4
1738 37 5 34 5 36 4
# Clase 37 domino por 3 generaciones
1739 34 6 37 4 36 4
1740 34 5 37 4 36 4
# Clase 34 domino por 2 generaciones
1741 37 5 34 4 35 4
1742 34 5 37 5 35 4
1743 35 5 34 4 37 4
1744 34 6 37 5 35 5
1745 34 5 37 5 35 5
# Clase 34 domino por 2 generaciones
1746 37 5 34 5 38 5
1747 37 5 34 5 35 5
1748 37 5 34 5 36 4
1749 37 5 34 5 36 5
1750 37 5 36 5 34 5
# Clase 37 domino por 5 generaciones
1751 34 5 37 5 36 5
1752 34 5 37 4 36 4
1753 34 6 35 5 37 5
1754 34 6 37 5 35 4
1755 34 6 37 5 36 4
1756 34 7 37 5 35 4
1757 34 6 37 5 35 4
# Clase 34 domino por 7 generaciones
1758 36 5 34 4 37 4
1759 34 6 37 5 36 5
1760 34 7 37 5 35 4
1761 34 6 37 6 35 5
# Clase 34 domino por 3 generaciones
1762 37 6 34 6 35 5
1763 34 6 37 6 35 5
1764 37 5 34 5 35 4
1765 34 5 37 5 35 5
1766 34 5 37 4 39 4
1767 34 5 36 5 35 4
1768 34 6 35 5 37 5
1769 34 6 37 5 36 4
1770 34 6 37 5 36 4
1771 34 6 37 5 35 5
1772 34 6 37 5 35 5
1773 34 6 35 5 37 5
1774 34 6 36 5 35 5
1775 34 5 36 4 35 4
1776 34 5 37 5 35 5
# Clase 34 domino por 12 generaciones
1777 35 5 36 5 34 5
1778 35 5 34 5 37 5
# Clase 35 domino por 2 generaciones
1779 37 4 35 4 34 4
1780 37 5 35 5 34 4
1781 37 5 35 5 38 5
1782 37 5 35 4 38 4
# Clase 37 domino por 4 generaciones
1783 39 5 35 5 37 5
1784 37 5 35 5 38 4
1785 37 5 34 4 35 4
# Clase 37 domino por 2 generaciones
1786 36 5 37 5 38 4
1787 37 5 36 5 35 4
1788 37 5 35 4 38 4
1789 37 5 35 4 36 4
1790 37 5 38 5 35 4
# Clase 37 domino por 4 generaciones
1791 35 4 37 3 34 3
1792 35 7 38 5 34 4
1793 35 5 38 5 37 4
1794 35 5 38 5 36 4
1795 35 6 38 5 34 4
# Clase 35 domino por 5 generaciones
1796 34 7 35 5 38 4
1797 34 8 35 5 38 4
1798 34 7 35 5 38 4
1799 34 9 35 5 38 4
1800 34 8 35 6 38 4
1801 34 9 35 5 38 4
1802 34 10 35 4 38 4
1803 34 10 35 4 37 4
1804 34 10 35 5 38 3
1805 34 11 35 4 36 3
1806 34 8 35 6 38 3
1807 34 11 35 5 36 3
1808 34 11 35 5 39 3
1809 34 10 39 4 35 4
1810 34 11 35 5 39 3
1811 34 10 35 4 36 3
1812 34 12 35 4 36 3
1813 34 12 35 4 36 3
1814 34 10 35 5 36 3
1815 34 10 35 5 39 3
1816 34 13 35 5 36 3
1817 34 12 35 5 36 3
1818 34 11 35 4 39 3
1819 34 10 35 5 82 3
1820 34 12 35 6 36 3
1821 34 12 35 5 36 3
1822 34 12 35 6 36 3
1823 34 13 35 6 36 4
1824 34 13 35 7 36 4
1825 34 14 35 6 36 4
1826 34 14 35 6 36 4
1827 34 14 35 7 36 4
1828 34 14 35 7 36 4
1829 34 12 35 8 36 4
1830 34 13 35 6 36 4
1831 34 12 35 7 36 4
1832 34 13 35 6 36 4
1833 34 12 35 7 36 4
1834 34 13 35 7 36 4
1835 34 12 35 7 36 5
1836 34 12 35 7 36 4
1837 34 13 35 7 36 5
1838 34 12 35 7 36 5
1839 34 14 35 7 36 4
1840 34 13 35 7 36 4
1841 34 12 35 7 36 4
1842 34 12 35 7 36 4
1843 34 12 35 7 36 4
1844 34 11 35 7 36 4
1845 34 12 35 8 36 4
1846 34 11 35 8 36 4
1847 34 12 35 8 36 4
1848 34 11 35 8 36 4
1849 34 11 35 7 36 4
1850 34 11 35 7 36 4
1851 34 11 35 7 36 4
1852 34 11 35 7 36 4
1853 34 11 35 7 36 4
1854 34 10 35 6 36 3
1855 34 11 35 8 36 4
1856 34 11 35 8 36 4
1857 34 11 35 8 36 4
1858 34 11 35 8 36 4
1859 34 11 35 7 37 5
1860 34 10 35 7 36 5
1861 34 11 35 8 37 4
1862 34 11 35 8 36 4
1863 34 10 35 8 36 4
1864 34 10 35 8 36 4
1865 34 10 35 7 36 4
1866 34 10 35 8 36 4
1867 34 10 35 8 36 4
1868 34 10 35 7 36 3
1869 34 9 35 8 36 4
1870 34 9 35 7 36 4
1871 34 8 35 7 37 4
1872 34 8 35 8 36 4
1873 34 8 35 7 36 4
1874 34 9 35 7 37 4
1875 34 8 35 7 37 4
1876 34 9 35 7 37 4
1877 34 7 35 7 36 4
1878 34 7 35 7 36 4
1879 34 7 35 7 36 4
1880 34 7 35 7 36 4
1881 34 6 35 6 36 4
1882 34 7 35 6 36 5
# Clase 34 domino por 87 generaciones
1883 35 7 34 6 36 4
1884 34 7 35 6 36 4
1885 34 7 35 6 36 4
1886 34 6 35 6 36 4
1887 34 6 35 6 36 3
# Clase 34 domino por 4 generaciones
1888 35 7 34 5 36 4
1889 35 7 34 6 36 5
1890 35 8 34 5 36 4
1891 35 8 34 6 36 4
1892 35 7 34 5 37 4
1893 35 6 34 5 36 5
# Clase 35 domino por 6 generaciones
1894 34 6 35 6 36 4
1895 35 7 34 5 36 4
1896 35 8 34 6 36 4
1897 35 7 34 5 36 5
# Clase 35 domino por 3 generaciones
1898 36 7 35 7 34 4
1899 35 7 36 5 34 3
1900 35 6 36 5 34 4
1901 35 7 36 5 34 4
1902 35 6 36 4 34 3
1903 35 5 36 5 37 4
1904 35 6 36 5 34 4
1905 35 5 36 5 40 4
1906 35 5 39 5 36 5
1907 35 5 40 5 39 4
1908 35 6 39 5 36 4
1909 35 5 39 5 40 5
1910 35 5 39 5 40 4
1911 35 5 39 5 40 5
# Clase 35 domino por 13 generaciones
1912 39 6 40 6 36 5
1913 40 5 39 5 35 5
1914 40 5 35 5 39 5
1915 40 6 35 5 39 5
# Clase 40 domino por 3 generaciones
1916 39 6 40 6 35 5
1917 40 6 39 6 35 5
1918 40 7 39 5 36 5
1919 40 6 39 5 36 5
1920 40 6 39 6 36 5
# Clase 40 domino por 4 generaciones
1921 39 6 40 6 36 5
1922 40 6 39 6 36 4
1923 39 7 40 7 41 5
1924 39 8 40 7 41 4
1925 39 8 40 7 41 4
1926 39 8 40 7 41 4
1927 39 9 40 8 41 4
1928 39 11 40 6 41 4
1929 39 10 40 6 41 3
1930 39 12 40 7 35 3
1931 39 11 40 6 35 3
1932 39 11 40 7 35 3
1933 39 15 40 10 36 3
1934 39 14 40 9 41 2
1935 39 18 40 12 41 2
1936 39 29 40 17 41 2
1937 39 22 40 10 41 1
1938 39 29 40 11 41 1
1939 39 29 40 6 157 2
1940 39 27 40 4 41 1
1941 39 27 40 4 88 1
1942 39 29 40 6 78 1
1943 39 26 40 5 78 1
1944 39 24 40 4 79 2
1945 39 31 40 5 60 1
1946 39 25 40 5 78 1
1947 39 25 40 5 38 1
1948 39 33 40 6 41 1
1949 39 34 40 6 41 1
1950 39 24 40 5 41 1
1951 39 27 40 6 79 1
1952 39 21 40 7 51 1
1953 39 31 40 11 41 1
1954 39 26 40 9 41 1
1955 39 18 40 6 41 1
1956 39 34 40 12 41 2
1957 39 23 40 8 41 1
1958 39 22 40 8 41 1
1959 39 23 40 8 41 1
1960 39 34 40 13 41 2
1961 39 21 40 11 41 1
1962 39 22 40 12 41 1
1963 39 24 40 11 155 2
1964 39 21 40 14 41 1
# Clase 39 domino por 42 generaciones
1965 40 17 39 15 41 1
1966 40 20 39 13 41 1
1967 40 30 39 14 41 1
1968 40 22 39 8 41 2
1969 40 24 39 6 41 3
1970 40 29 39 6 41 4
1971 40 28 41 4 39 3
1972 40 23 41 3 39 2
1973 40 27 41 5 39 3
1974 40 27 39 3 41 1
1975 40 27 39 3 41 1
1976 40 39 39 5 41 3
1977 40 27 41 2 39 2
1978 40 24 41 2 38 1
1979 40 23 80 3 41 3
1980 40 25 39 2 41 1
1981 40 32 41 3 39 2
1982 40 18 41 2 80 2
1983 40 31 80 4 41 3
1984 40 24 118 4 39 2
1985 40 23 41 3 39 2
1986 40 24 39 3 41 2
1987 40 36 39 5 41 2
1988 40 25 39 5 80 1
1989 40 23 140 5 39 5
1990 40 28 39 9 41 2
1991 40 19 39 8 41 2
1992 40 21 39 9 41 3
1993 40 28 39 13 41 4
1994 40 20 39 11 41 1
1995 40 20 39 11 41 1
1996 40 31 39 20 41 2
1997 40 18 39 13 41 1
1998 40 19 39 13 41 1
1999 40 23 39 15 41 1
2000 40 23 39 12 38 1
2001 40 20 39 11 38 1
2002 40 20 39 11 38 1
2003 40 28 39 15 38 3
2004 40 20 39 10 38 2
2005 40 20 39 9 38 3
2006 40 26 39 10 38 4
2007 40 19 39 8 41 2
2008 40 23 39 10 38 2
2009 40 18 39 11 38 2
2010 40 17 39 12 38 2
# Clase 40 domino por 46 generaciones
2011 39 19 40 17 38 2
2012 39 19 40 12 41 1
2013 39 21 40 11 41 1
2014 39 29 40 11 41 2
2015 39 26 40 8 41 2
2016 39 22 40 7 41 2
2017 39 22 40 6 41 1
2018 39 28 40 8 79 5
2019 39 23 40 6 78 1
2020 39 25 40 8 41 1
2021 39 25 40 7 41 1
2022 39 30 40 10 157 2
2023 39 31 40 8 54 1
2024 39 24 40 7 41 2
2025 39 23 40 7 41 1
2026 39 26 40 6 78 1
2027 39 29 40 6 38 1
2028 39 25 40 5 30 1
2029 39 21 40 6 78 1
2030 39 22 40 6 74 1
2031 39 23 40 8 78 1
2032 39 24 40 8 41 1
2033 39 20 40 6 152 1
2034 39 36 40 11 78 1
2035 39 28 40 6 38 1
2036 39 25 40 6 75 1
2037 39 21 40 6 78 1
2038 39 25 40 8 38 1
2039 39 24 40 7 41 1
2040 39 22 40 5 107 2
2041 39 31 40 7 41 1
2042 39 26 40 5 78 1
2043 39 24 40 6 38 1
2044 39 32 40 10 38 1
2045 39 25 40 8 41 1
2046 39 24 40 8 41 1
2047 39 25 40 10 41 1
2048 39 36 40 13 41 2
2049 39 25 40 8 41 1
2050 39 26 40 7 41 1
2051 39 25 40 7 107 1
2052 39 36 40 9 41 1
2053 39 27 40 6 41 1
2054 39 27 40 7 41 1
2055 39 27 40 7 38 1
2056 39 34 40 8 41 1
2057 39 25 40 8 41 1
2058 39 26 40 8 41 1
2059 39 31 40 9 41 1
2060 39 24 40 10 41 1
2061 39 22 40 10 41 1
2062 39 24 40 17 41 1
# Clase 39 domino por 52 generaciones
2063 40 21 39 18 41 1
2064 40 18 39 14 41 1
2065 40 19 39 12 41 1
2066 40 21 39 12 41 2
2067 40 22 39 10 41 2
2068 40 26 39 11 41 4
2069 40 26 39 5 41 3
2070 40 28 41 2 39 2
2071 40 24 41 2 39 1
2072 40 41 41 4 39 3
2073 40 30 41 3 39 2
2074 40 28 41 3 39 1
2075 40 26 41 4 39 1
2076 40 33 41 7 39 3
2077 40 28 41 4 39 1
2078 40 27 41 4 39 1
2079 40 23 41 4 80 3
2080 40 44 41 4 39 1
2081 40 30 41 2 39 1
2082 40 33 41 1 39 1
2083 40 29 39 1 38 1
2084 40 40 41 3 39 2
2085 40 25 39 2 120 2
2086 40 25 39 2 41 1
2087 40 29 39 3 41 2
2088 40 26 38 2 39 2
2089 40 25 39 3 38 2
2090 40 40 39 5 41 3
2091 40 26 39 3 41 2
2092 40 27 39 4 41 2
2093 40 32 39 6 41 3
2094 40 24 39 5 38 2
2095 40 24 39 5 38 3
2096 40 23 39 8 38 5
2097 40 17 39 7 38 7
2098 40 15 38 9 39 8
# Clase 40 domino por 36 generaciones
2099 38 13 40 11 39 8
2100 38 14 39 8 40 8
2101 38 18 39 9 40 6
2102 38 26 39 9 40 3
2103 38 19 39 6 40 3
2104 38 19 40 4 39 4
2105 38 11 40 5 39 3
2106 38 14 40 8 39 3
# Clase 38 domino por 8 generaciones
2107 40 13 38 11 39 2
2108 40 10 38 8 41 3
2109 40 15 38 7 41 3
2110 40 13 38 5 41 3
2111 40 21 38 3 41 3
2112 40 14 80 3 42 2
2113 40 23 41 5 42 5
2114 40 22 41 6 42 4
2115 40 26 42 4 41 4
2116 40 26 41 5 42 3
2117 40 26 41 5 39 2
2118 40 34 41 9 39 2
2119 40 17 41 5 42 2
2120 40 22 41 6 42 2
2121 40 16 41 4 42 2
2122 40 19 41 3 42 3
2123 40 14 42 4 41 2
2124 40 13 42 4 123 3
2125 40 20 38 5 39 3
2126 40 19 38 3 39 2
2127 40 22 41 4 38 2
2128 40 20 41 7 42 4
2129 40 13 41 7 39 3
2130 40 18 41 6 42 3
2131 40 16 41 7 42 5
2132 40 15 41 7 42 3
# Clase 40 domino por 26 generaciones
2133 155 10 40 8 41 4
2134 40 15 38 3 36 3
2135 40 10 36 6 38 5
# Clase 40 domino por 2 generaciones
2136 36 12 38 7 40 4
2137 36 12 38 8 39 4
2138 36 9 38 8 39 3
2139 36 10 38 9 39 4
# Clase 36 domino por 4 generaciones
2140 38 8 36 6 39 5
2141 38 12 36 8 39 5
2142 38 10 37 5 36 4
2143 38 13 37 7 36 4
2144 38 13 37 8 36 5
# Clase 38 domino por 5 generaciones
2145 37 11 38 8 39 4
2146 37 13 38 8 39 5
2147 37 14 38 11 39 6
2148 37 9 40 7 39 5
2149 37 11 38 5 40 5
2150 37 10 40 9 39 7
# Clase 37 domino por 6 generaciones
2151 40 11 39 7 37 6
2152 40 13 39 8 37 7
2153 40 6 39 6 37 4
# Clase 40 domino por 3 generaciones
2154 37 6 38 5 39 4
2155 39 9 38 9 37 7
2156 39 10 38 9 37 8
# Clase 39 domino por 2 generaciones
2157 37 11 38 11 39 7
2158 37 11 39 7 38 7
2159 37 12 38 6 39 6
2160 37 11 39 8 40 6
# Clase 37 domino por 4 generaciones
2161 39 7 37 7 40 6
2162 40 9 37 5 39 4
2163 37 7 39 7 38 6
2164 37 12 38 6 39 5
2165 37 8 40 5 39 5
2166 37 12 38 6 36 4
2167 37 16 38 7 36 4
2168 37 16 38 8 36 4
2169 37 16 38 8 39 4
2170 37 16 38 5 39 5
2171 37 14 38 7 39 4
2172 37 14 38 6 39 4
2173 37 10 39 9 40 5
# Clase 37 domino por 11 generaciones
2174 39 8 40 6 37 5
2175 39 14 40 7 37 6
# Clase 39 domino por 2 generaciones
2176 37 7 39 6 40 4
2177 37 6 40 5 39 5
# Clase 37 domino por 2 generaciones
2178 40 8 39 8 37 8
2179 40 10 39 9 37 4
# Clase 40 domino por 2 generaciones
2180 39 12 40 11 37 4
2181 39 10 40 6 41 5
2182 39 8 40 7 41 4
2183 39 10 40 9 41 5
2184 39 10 40 8 41 5
2185 39 16 40 11 41 7
2186 39 10 40 7 41 7
2187 39 8 40 7 41 5
2188 39 9 40 6 38 4
2189 39 16 38 8 40 8
2190 39 14 40 6 41 4
2191 39 16 40 8 41 5
2192 39 12 40 7 41 5
2193 39 9 40 6 41 4
2194 39 15 40 6 41 5
2195 39 20 40 9 41 5
2196 39 14 41 4 40 4
2197 39 25 40 5 41 4
2198 39 15 40 5 41 3
2199 39 12 38 5 40 3
2200 39 24 40 7 38 5
2201 39 15 40 6 41 4
2202 39 13 40 8 41 4
2203 39 6 41 5 40 4
2204 39 12 38 4 41 4
2205 39 18 40 5 41 4
2206 39 13 40 7 41 3
2207 39 16 40 6 41 5
2208 39 17 40 5 41 5
2209 39 21 38 7 40 6
2210 39 12 40 5 41 5
2211 39 18 40 7 38 4
2212 39 23 40 10 41 4
2213 39 17 40 7 41 4
2214 39 21 41 5 40 5
2215 39 19 40 5 41 4
2216 39 18 41 6 40 4
2217 39 16 41 6 40 6
2218 39 12 41 5 40 5
2219 39 14 40 7 41 6
2220 39 21 40 10 41 5
2221 39 16 40 7 41 3
2222 39 15 40 7 38 4
2223 39 18 40 8 41 4
2224 39 16 40 7 38 5
2225 39 21 40 9 41 2
2226 39 27 40 12 41 4
2227 39 17 40 10 41 3
2228 39 18 40 8 41 4
2229 39 20 40 12 41 5
2230 39 16 41 5 40 5
2231 39 15 40 5 37 4
2232 39 16 40 5 37 5
2233 39 22 40 6 41 3
2234 39 30 40 7 41 3
2235 39 22 40 5 41 3
2236 39 23 40 4 41 2
2237 39 23 40 5 41 3
2238 39 23 40 5 41 3
2239 39 23 40 6 41 1
2240 39 25 40 7 41 2
2241 39 24 40 9 37 2
2242 39 32 40 11 38 3
2243 39 24 40 10 38 2
2244 39 22 40 8 38 2
2245 39 21 40 8 41 2
2246 39 21 40 10 41 2
2247 39 18 40 11 41 2
2248 39 19 40 12 41 2
2249 39 18 40 10 41 3
2250 39 18 40 11 41 2
2251 39 19 40 12 41 2
2252 39 20 40 10 41 3
2253 39 20 40 11 41 1
2254 39 19 40 12 41 1
2255 39 17 40 13 41 1
# Clase 39 domino por 76 generaciones
2256 40 17 39 15 42 1
2257 40 16 39 15 41 2
2258 40 22 39 17 41 3
2259 40 17 39 14 41 2
2260 40 17 39 13 41 2
2261 40 17 39 12 41 2
# Clase 40 domino por 6 generaciones
2262 39 16 40 15 41 1
2263 39 17 40 15 41 2
2264 39 21 40 16 38 2
2265 39 26 40 20 38 3
2266 39 19 40 17 41 2
# Clase 39 domino por 5 generaciones
2267 40 16 39 15 41 2
2268 40 17 39 13 41 2
2269 40 17 39 13 41 2
2270 40 14 39 14 41 2
# Clase 40 domino por 4 generaciones
2271 39 16 40 12 41 4
2272 39 19 40 18 41 5
2273 39 16 40 14 41 2
2274 39 15 40 12 41 2
2275 39 15 40 11 41 3
2276 39 20 40 13 41 4
2277 39 20 40 16 41 4
2278 39 17 40 12 41 3
2279 39 17 40 11 41 3
2280 39 13 40 10 41 5
2281 39 27 40 15 41 4
2282 39 20 40 9 41 3
2283 39 18 40 8 41 4
2284 39 20 40 9 41 4
2285 39 21 40 9 41 3
2286 39 22 40 9 41 3
2287 39 26 40 13 41 4
2288 39 28 40 16 41 4
2289 39 17 40 12 41 3
2290 39 14 40 14 38 4
2291 39 15 40 14 38 2
# Clase 39 domino por 21 generaciones
2292 40 16 39 14 41 2
2293 40 16 39 13 38 3
2294 40 17 39 14 38 2
# Clase 40 domino por 3 generaciones
2295 39 15 40 15 38 3
2296 39 18 40 16 41 4
2297 39 20 40 17 41 4
2298 39 18 40 14 41 5
2299 39 14 40 11 41 5
2300 39 16 40 11 41 3
2301 39 19 40 10 41 3
2302 39 19 40 9 41 3
2303 39 18 40 10 41 3
2304 39 16 40 12 41 3
2305 39 16 40 13 41 3
2306 39 16 40 15 41 3
2307 39 16 40 15 41 2
# Clase 39 domino por 13 generaciones
2308 40 17 39 15 41 1
2309 40 18 39 18 41 1
2310 40 17 39 16 41 2
2311 40 17 39 16 41 2
# Clase 40 domino por 4 generaciones
2312 39 17 40 17 41 1
2313 40 17 39 17 41 1
2314 39 17 40 16 41 1
2315 40 18 39 15 41 1
2316 40 19 39 18 38 2
2317 40 23 39 14 38 2
2318 40 27 39 17 38 3
2319 40 26 39 15 41 4
2320 40 20 39 9 42 4
2321 40 15 42 6 39 6
2322 40 18 42 8 39 5
2323 40 19 42 6 39 5
2324 40 17 42 10 41 8
2325 40 10 41 7 42 6
# Clase 40 domino por 11 generaciones
2326 41 9 40 8 42 8
2327 41 13 42 9 40 6
# Clase 41 domino por 2 generaciones
2328 42 15 41 12 43 7
2329 42 12 41 9 43 7
2330 42 14 41 8 43 6
2331 42 15 41 7 43 6
2332 42 17 41 10 43 9
2333 42 13 43 7 44 6
2334 42 9 44 7 43 6
# Clase 42 domino por 7 generaciones
2335 43 9 44 8 45 8
2336 45 10 43 9 44 8
2337 43 8 44 8 45 7
2338 45 9 43 9 44 8
2339 43 12 44 8 45 7
2340 43 16 44 10 45 7
2341 43 17 44 9 45 5
2342 43 15 44 8 46 3
2343 43 15 44 6 46 4
2344 43 13 46 7 44 6
2345 43 9 46 6 45 5
# Clase 43 domino por 7 generaciones
2346 46 10 43 7 45 6
2347 46 12 45 7 43 5
2348 46 14 45 8 43 4
2349 46 15 45 5 47 4
2350 46 12 45 6 47 5
2351 46 15 45 5 47 4
2352 46 15 45 8 47 6
2353 46 13 45 6 47 6
2354 46 12 45 7 47 6
2355 46 8 47 7 48 6
# Clase 46 domino por 10 generaciones
2356 48 10 47 10 45 8
2357 48 11 47 8 45 6
2358 48 9 47 7 45 4
2359 48 9 47 6 45 5
2360 48 6 45 4 47 4
# Clase 48 domino por 5 generaciones
2361 45 7 48 6 47 5
2362 45 8 48 8 49 5
# Clase 45 domino por 2 generaciones
2363 48 10 45 6 47 6
2364 48 8 47 5 49 5
# Clase 48 domino por 2 generaciones
2365 47 7 48 7 46 4
2366 47 10 48 9 49 5
2367 47 8 48 7 45 4
2368 47 8 48 7 46 5
# Clase 47 domino por 4 generaciones
2369 48 10 47 9 45 5
2370 48 7 47 7 45 3
2371 48 12 47 9 45 6
2372 48 10 47 10 49 4
2373 48 10 47 9 46 3
2374 48 14 47 11 49 4
2375 48 12 47 8 50 4
2376 48 10 47 7 49 5
2377 48 14 47 7 49 5
2378 48 9 50 5 49 4
# Clase 48 domino por 10 generaciones
2379 50 8 48 6 49 5
2380 50 7 49 6 48 5
2381 50 9 49 6 51 5
2382 50 7 49 6 51 5
2383 50 7 51 7 49 5
# Clase 50 domino por 5 generaciones
2384 27 15 50 6 51 5
2385 27 41 28 1 50 1
2386 27 34 28 1 29 1
2387 27 45 28 1 25 1
2388 27 32 25 1 26 1
2389 27 33 28 1 25 1
2390 27 33 28 1 25 1
2391 27 31 28 2 26 1
2392 27 33 28 2 25 1
2393 27 30 28 2 25 1
2394 27 31 28 1 25 1
2395 27 26 28 2 25 2
2396 27 35 25 4 26 2
2397 27 26 25 4 26 3
2398 27 22 25 5 54 3
2399 27 26 25 4 28 2
2400 27 22 25 7 26 3
2401 27 26 25 5 26 1
2402 27 19 25 10 26 2
2403 27 22 25 10 26 2
2404 27 18 25 10 28 2
# Clase 27 domino por 21 generaciones
2405 25 16 27 10 26 2
2406 25 19 27 12 26 2
2407 25 19 27 7 66 2
2408 25 30 27 7 26 2
2409 25 23 27 6 24 1
2410 25 27 27 3 26 1
2411 25 38 27 2 24 2
2412 25 29 27 2 24 1
2413 25 45 24 1 27 1
2414 25 30 24 1 27 1
2415 25 46 24 2 26 1
2416 25 32 24 1 26 1
2417 25 31 24 1 26 1
2418 25 32 24 1 26 1
2419 25 31 24 2 26 1
2420 25 35 24 1 26 1
2421 25 32 24 2 26 1
2422 25 47 24 4 26 1
2423 25 31 24 3 26 1
2424 25 30 24 3 26 1
2425 25 34 24 3 26 1
2426 25 29 24 3 26 3
2427 25 39 24 4 26 2
2428 25 29 24 3 26 2
2429 25 42 24 4 26 1
2430 25 30 24 2 26 1
2431 25 42 24 3 26 1
2432 25 30 24 2 26 1
2433 25 38 24 3 26 2
2434 25 29 24 2 26 1
2435 25 41 24 3 26 1
2436 25 31 24 2 26 1
2437 25 41 24 3 26 1
2438 25 30 24 3 26 1
2439 25 27 26 3 24 2
2440 25 31 24 1 26 1
2441 25 30 24 2 26 1
2442 25 31 24 2 26 1
2443 25 30 24 2 26 1
2444 25 31 24 2 26 1
2445 25 29 24 2 26 1
2446 25 31 24 2 26 1
2447 25 30 24 2 26 1
2448 25 33 24 2 26 1
2449 25 30 24 2 26 1
2450 25 33 24 2 26 1
2451 25 30 24 2 23 1
2452 25 34 24 2 23 1
2453 25 30 24 2 26 1
2454 25 41 24 2 23 1
2455 25 28 24 2 23 1
2456 25 36 24 4 23 2
2457 25 28 24 3 26 1
2458 25 36 24 4 26 1
2459 25 28 24 3 26 1
2460 25 38 24 5 26 1
2461 25 27 24 4 23 1
2462 25 36 24 5 23 1
2463 25 28 24 3 26 1
2464 25 28 24 3 23 1
2465 25 28 24 3 26 1
2466 25 26 24 2 26 2
2467 25 29 24 2 26 1
2468 25 26 24 4 23 1
2469 25 29 24 2 23 1
2470 25 44 24 4 23 1
2471 25 30 24 2 26 1
2472 25 28 24 3 23 2
2473 25 30 24 3 26 1
2474 25 29 24 3 23 1
2475 25 32 24 3 23 1
2476 25 25 24 3 26 2
2477 25 34 24 4 23 2
2478 25 27 24 3 23 2
2479 25 30 24 2 23 1
2480 25 28 24 3 23 1
2481 25 37 24 5 23 1
2482 25 27 24 3 23 1
2483 25 37 24 5 26 1
2484 25 26 24 4 23 2
2485 25 34 24 7 23 2
2486 25 24 24 5 23 2
2487 25 23 24 5 23 4
2488 25 26 24 5 23 2
2489 25 24 24 5 23 4
2490 25 28 24 5 23 2
2491 25 24 24 5 23 3
2492 25 36 24 7 23 1
2493 25 25 24 5 23 2
2494 25 37 24 9 23 3
2495 25 25 24 4 23 3
2496 25 21 24 5 23 3
2497 25 27 24 4 23 2
2498 25 26 24 4 23 3
2499 25 30 24 4 23 2
2500 25 26 24 4 23 3
2501 25 36 24 4 23 2
2502 25 28 24 3 23 2
2503 25 36 24 4 23 3
2504 25 27 24 2 23 2
2505 25 38 24 3 23 1
2506 25 29 24 2 23 2
2507 25 24 24 4 23 3
2508 25 29 24 2 23 2
2509 25 27 23 3 24 2
2510 25 28 24 2 23 2
2511 25 27 23 3 24 2
2512 25 27 24 3 26 2
2513 25 26 23 4 24 2
2514 25 31 24 2 23 2
2515 25 26 23 3 24 2
2516 25 37 23 3 24 3
2517 25 26 23 4 24 2
2518 25 34 23 4 24 3
2519 25 26 23 4 24 2
2520 25 22 23 6 24 3
2521 25 24 23 5 24 1
2522 25 21 23 6 24 2
2523 25 28 23 3 24 1
2524 25 25 23 5 24 2
2525 25 25 23 4 26 1
2526 25 25 23 6 26 1
2527 25 31 23 4 24 1
2528 25 23 23 5 24 2
2529 25 30 23 4 24 1
2530 25 26 23 4 24 1
2531 25 34 23 5 24 2
2532 25 24 23 4 24 2
2533 25 36 23 4 24 3
2534 25 26 23 4 24 2
2535 25 23 23 5 24 2
2536 25 27 23 3 24 2
2537 25 23 23 5 24 3
2538 25 25 24 4 23 3
2539 25 25 23 4 24 3
2540 25 30 24 3 23 2
2541 25 26 24 3 23 3
2542 25 34 24 6 23 3
2543 25 21 24 4 23 3
2544 25 30 24 5 26 3
2545 25 22 24 3 26 3
2546 25 26 24 2 23 2
2547 25 25 24 4 23 2
2548 25 30 24 3 23 2
2549 25 25 23 3 24 3
2550 25 37 24 5 23 3
2551 25 26 24 4 23 4
2552 25 20 23 7 24 4
2553 25 22 24 5 23 4
2554 25 28 24 5 23 3
2555 25 25 24 3 23 2
2556 25 33 24 6 23 2
2557 25 27 24 4 23 1
2558 25 38 24 7 23 2
2559 25 26 24 3 23 2
2560 25 36 24 6 23 3
2561 25 26 24 3 23 2
2562 25 25 23 3 24 3
2563 25 27 24 3 23 3
2564 25 25 23 4 24 3
2565 25 29 24 2 23 2
2566 25 25 24 3 23 2
2567 25 29 24 4 23 1
2568 25 25 24 4 23 2
2569 25 29 24 4 23 1
2570 25 25 24 3 23 2
2571 25 32 24 5 23 2
2572 25 25 24 3 23 2
2573 25 28 24 3 23 1
2574 25 25 24 3 23 3
2575 25 35 24 5 23 2
2576 25 27 24 3 23 2
2577 25 36 24 5 23 1
2578 25 28 24 3 23 1
2579 25 26 24 4 23 3
2580 25 27 24 4 23 2
2581 25 24 24 4 23 4
2582 25 28 24 4 23 3
2583 25 23 24 5 23 5
2584 25 31 24 8 23 4
2585 25 24 23 5 24 5
2586 25 21 23 6 24 5
2587 25 24 24 6 23 4
2588 25 19 24 7 23 6
2589 25 25 24 6 23 5
2590 25 19 23 6 24 6
2591 25 29 24 9 23 5
2592 25 23 24 5 23 4
2593 25 22 24 5 23 5
2594 25 26 24 5 23 3
2595 25 23 24 5 23 5
2596 25 30 24 8 23 4
2597 25 22 23 5 24 5
2598 25 30 23 8 24 7
2599 25 23 23 5 24 4
2600 25 22 23 6 24 4
2601 25 27 23 4 24 3
2602 25 23 23 5 24 4
2603 25 28 23 8 24 6
2604 25 25 23 5 24 3
2605 25 23 23 6 24 3
2606 25 26 23 5 24 3
2607 25 22 23 6 24 3
2608 25 29 24 3 23 3
2609 25 25 23 4 24 4
2610 25 34 23 6 24 5
2611 25 23 23 5 24 4
2612 25 29 23 6 24 6
2613 25 24 23 5 24 4
2614 25 23 23 6 24 4
2615 25 26 23 4 24 3
2616 25 25 23 6 24 3
2617 25 29 23 4 24 2
2618 25 24 23 5 24 2
2619 25 35 23 4 24 3
2620 25 24 23 6 24 2
2621 25 34 24 4 23 4
2622 25 25 23 5 24 3
2623 25 34 24 5 23 5
2624 25 25 23 4 24 3
2625 25 22 23 6 24 4
2626 25 25 23 4 24 3
2627 25 22 23 7 24 4
2628 25 27 23 4 24 4
2629 25 21 23 7 24 4
2630 25 28 24 4 23 3
2631 25 21 24 5 23 4
2632 25 34 24 6 23 3
2633 25 24 24 4 23 4
2634 25 37 24 6 23 2
2635 25 25 24 5 23 3
