#slices = 20
#define BG_MUTATION_RATE 20000*3
#define CPU_MUTATION_RATE 10000*3
#define COPY_MUTATION_RATE 7000*3
#define GENOMA_SAVE_RATE 100
#define SEARCH_LIMIT 150
0 80 33 81 1 79 1
1 80 34 79 1 78 1
2 80 36 81 1 79 1
3 80 33 81 1 79 1
4 80 33 81 1 79 1
5 80 31 81 3 78 1
6 80 19 81 7 76 4
7 80 32 77 1 78 1
8 80 15 79 11 82 5
9 80 30 77 1 78 1
10 80 32 78 1 194 1
11 80 34 81 1 79 1
12 80 34 82 1 79 1
13 80 33 79 1 78 1
14 80 29 79 4 81 1
15 80 33 81 1 82 1
16 80 33 82 1 81 1
17 80 34 82 1 79 1
18 80 35 82 1 81 1
19 80 35 84 1 79 1
20 80 33 79 1 84 1
21 80 34 79 1 84 1
22 80 33 79 1 81 1
23 80 33 79 1 82 1
24 80 34 79 1 78 1
25 80 30 79 4 74 1
26 80 33 79 1 74 1
27 80 32 79 1 74 1
28 80 33 79 1 81 1
29 80 34 79 1 82 1
30 80 35 79 1 81 1
31 80 33 79 1 78 1
32 80 49 79 1 78 1
33 80 25 163 6 160 3
34 80 32 79 1 89 1
35 80 33 79 1 81 1
36 80 32 81 2 79 1
37 80 35 81 1 79 1
38 80 29 81 6 79 1
39 80 33 81 1 79 1
40 80 32 81 1 79 1
41 80 27 73 3 86 1
42 80 34 81 1 79 1
43 80 26 96 5 79 2
44 80 32 163 2 79 1
45 80 34 86 1 79 1
46 80 20 161 6 77 3
# Clase 80 domino por 47 generaciones
47 75 16 80 13 164 2
48 80 22 90 5 76 1
49 80 20 45 5 76 2
50 80 13 90 9 45 7
# Clase 80 domino por 3 generaciones
51 45 18 80 9 166 7
52 45 7 107 5 160 5
# Clase 45 domino por 2 generaciones
53 146 15 45 10 121 5
54 45 9 43 9 88 5
55 132 12 45 11 61 7
56 117 9 43 8 161 7
57 43 8 106 7 78 7
58 143 10 122 8 177 5
59 49 6 143 6 43 5
60 74 9 130 7 60 6
61 128 9 115 7 91 6
62 140 8 134 6 115 5
63 147 13 139 4 49 4
64 147 17 86 6 79 3
# Clase 147 domino por 2 generaciones
65 140 22 139 3 66 2
66 140 17 164 14 145 6
# Clase 140 domino por 2 generaciones
67 128 14 145 10 94 8
68 134 7 106 7 145 7
69 86 8 120 8 145 6
70 135 10 93 8 145 6
71 177 18 128 10 89 3
72 89 14 117 9 47 8
73 47 14 89 6 95 5
74 112 10 89 8 56 6
75 112 10 47 7 37 5
# Clase 112 domino por 2 generaciones
76 47 14 37 7 65 3
77 47 13 37 6 92 3
# Clase 47 domino por 2 generaciones
78 128 13 47 11 92 6
79 203 14 144 6 37 3
80 47 13 98 7 56 4
81 203 10 98 8 47 3
82 203 13 61 7 98 4
# Clase 203 domino por 2 generaciones
83 184 18 241 7 73 5
84 122 22 100 7 91 5
85 91 11 155 7 93 4
86 91 13 155 3 100 3
87 91 22 78 4 94 1
88 91 18 78 4 74 4
89 91 12 78 10 77 9
# Clase 91 domino por 5 generaciones
90 78 20 91 6 71 2
91 78 25 71 4 91 2
92 78 32 91 1 68 1
93 78 32 72 1 83 1
94 78 35 81 1 79 1
95 78 51 77 1 79 1
96 78 37 81 1 77 1
97 78 31 74 2 76 1
98 78 37 66 4 99 2
99 78 32 77 1 76 1
100 78 33 76 1 77 1
101 78 33 76 1 79 1
102 78 35 79 1 84 1
103 78 34 79 1 77 1
104 78 29 79 3 77 2
105 78 27 68 2 79 1
106 78 33 79 1 77 1
107 78 33 79 1 76 1
108 78 33 79 1 77 1
109 78 33 79 1 77 1
110 78 35 79 1 77 1
111 78 35 79 1 77 1
112 78 47 79 1 77 1
113 78 30 89 3 79 1
114 78 34 79 1 76 1
115 78 34 79 1 81 1
116 78 34 79 1 81 1
117 78 53 79 1 81 1
118 78 33 75 1 79 1
119 78 35 79 1 76 1
120 78 53 79 1 76 1
121 78 36 79 1 76 1
122 78 37 79 1 77 1
123 78 37 79 1 77 1
124 78 37 79 1 77 1
125 78 37 79 1 77 1
126 78 37 83 1 79 1
127 78 35 77 1 79 1
128 78 35 77 1 75 1
129 78 34 77 2 75 1
130 78 33 77 1 79 1
131 78 31 63 2 77 1
132 78 32 79 2 77 1
133 78 32 79 1 77 1
134 78 34 79 1 84 1
135 78 25 80 6 83 2
136 78 32 79 1 74 1
137 78 33 79 1 74 1
138 78 49 79 1 74 1
139 78 34 79 1 83 1
140 78 36 79 1 75 1
141 78 36 79 1 75 1
142 78 34 79 1 85 1
143 78 33 79 1 77 1
144 78 34 77 1 79 1
145 78 35 77 1 75 1
146 78 34 77 1 75 1
147 78 34 80 3 77 1
148 78 33 80 1 77 1
149 78 33 80 1 75 1
150 78 33 75 1 80 1
151 78 47 75 1 79 1
152 78 33 75 1 79 1
153 78 33 79 1 75 1
154 78 34 79 1 75 1
155 78 35 79 1 75 1
156 78 36 79 1 75 1
157 78 26 77 5 35 2
158 78 30 77 2 79 1
159 78 50 79 1 83 1
160 78 33 83 1 79 1
161 78 33 79 1 81 1
162 78 33 79 1 83 1
163 78 24 79 7 55 3
164 78 34 159 2 79 1
165 78 32 79 1 76 1
166 78 34 79 1 86 1
167 78 34 79 1 76 1
168 78 35 80 1 79 1
169 78 35 86 1 84 1
170 78 29 92 4 79 2
171 78 33 77 1 79 1
172 78 33 77 1 79 1
173 78 34 79 1 77 1
174 78 33 77 1 79 1
175 78 34 79 1 77 1
176 78 33 77 1 80 1
177 78 28 77 4 79 1
178 78 32 79 1 77 1
179 78 32 79 1 83 1
180 78 33 79 1 77 1
181 78 34 79 1 77 1
182 78 33 77 1 79 1
183 78 34 77 1 79 1
184 78 35 77 1 79 1
185 78 34 77 1 89 1
186 78 34 77 1 76 1
187 78 34 77 1 73 1
188 78 33 77 1 76 1
189 78 31 77 3 79 1
190 78 30 79 2 77 1
191 78 29 77 3 71 1
192 78 28 77 4 71 1
193 78 31 77 2 71 1
194 78 33 77 1 71 1
195 78 35 77 1 71 1
196 78 35 77 1 71 1
197 78 36 77 1 42 1
198 78 36 77 1 87 1
199 78 34 77 1 87 1
200 78 32 77 2 79 1
201 78 33 77 1 79 1
202 78 33 79 1 77 1
203 78 34 79 1 77 1
204 78 28 68 2 76 1
205 78 32 79 1 77 1
206 78 33 79 1 77 1
207 78 33 77 1 79 1
208 78 33 79 1 77 1
209 78 32 79 1 77 1
210 78 34 77 1 79 1
211 78 32 79 1 77 1
212 78 34 79 1 77 1
213 78 34 79 1 77 1
214 78 33 79 1 77 1
215 78 34 77 1 79 1
216 78 33 77 1 76 1
217 78 34 77 1 79 1
218 78 34 79 1 77 1
219 78 34 77 1 79 1
220 78 53 79 1 77 1
221 78 35 77 1 79 1
222 78 36 77 1 79 1
223 78 36 77 1 79 1
224 78 36 84 1 76 1
225 78 31 79 3 84 1
226 78 33 77 1 76 1
227 78 33 77 1 83 1
228 78 32 77 1 76 1
229 78 32 76 1 77 1
230 78 32 77 1 76 1
231 78 31 77 1 76 1
232 78 39 77 1 76 1
233 78 31 77 1 81 1
234 78 26 94 5 67 1
235 78 31 77 1 83 1
236 78 30 77 2 83 1
237 78 43 77 1 76 1
238 78 31 77 1 73 1
239 78 31 77 1 83 1
240 78 31 77 1 79 1
241 78 33 77 1 79 1
242 78 50 77 1 79 1
243 78 26 158 6 93 3
244 78 31 79 1 77 1
245 78 28 79 2 77 1
246 78 23 79 6 76 1
247 78 29 161 5 77 1
248 78 21 81 5 153 5
249 78 30 77 1 79 1
250 78 27 77 2 79 1
251 78 30 79 1 77 1
252 78 29 77 3 79 1
253 78 30 79 1 77 1
254 78 30 77 2 79 1
255 78 32 79 1 77 1
256 78 28 79 4 77 1
257 78 26 79 2 77 1
258 78 29 79 3 77 1
259 78 29 79 2 77 1
260 78 42 79 3 77 2
261 78 27 79 3 31 2
262 78 29 79 2 77 2
263 78 30 79 2 77 1
264 78 30 79 2 77 2
265 78 31 79 2 77 1
266 78 22 77 11 79 1
267 78 34 77 2 79 1
268 78 30 77 3 79 1
269 78 32 77 2 79 1
270 78 43 77 2 79 1
271 78 22 77 9 72 2
272 78 29 77 4 79 1
273 78 32 77 3 79 1
274 78 31 77 3 79 1
275 78 32 77 2 79 1
276 78 31 77 2 79 1
277 78 32 77 1 79 1
278 78 32 77 2 79 1
279 78 33 77 2 79 1
280 78 34 77 1 79 1
281 78 32 77 2 79 1
282 78 31 77 2 79 1
283 78 33 77 1 79 1
284 78 31 77 2 79 1
285 78 31 77 1 82 1
286 78 32 77 1 82 1
287 78 32 82 1 77 1
288 78 30 82 2 77 1
289 78 30 82 2 77 1
290 78 31 77 1 82 1
291 78 31 82 1 77 1
292 78 31 82 1 77 1
293 78 30 82 2 77 1
294 78 26 77 5 82 2
295 78 30 82 2 77 1
296 78 30 82 2 77 1
297 78 23 82 3 80 2
298 78 23 82 4 76 2
299 78 18 82 5 65 2
300 78 16 82 8 76 4
301 78 16 82 8 76 4
302 78 12 82 9 76 5
303 78 13 82 9 76 4
304 78 14 82 9 76 4
305 78 13 82 8 76 5
306 78 13 82 7 76 5
307 78 12 82 8 76 5
308 78 12 82 8 76 5
309 78 12 82 8 76 5
310 78 12 82 7 76 4
311 78 12 82 7 76 4
312 78 10 82 5 76 5
313 78 9 82 6 76 4
314 78 9 82 6 76 3
315 78 9 82 5 74 4
316 78 11 82 5 76 5
317 78 10 82 5 74 4
318 78 10 82 5 74 4
319 78 9 82 6 76 5
320 78 7 82 6 76 4
321 78 9 82 6 76 5
322 78 8 82 4 74 4
323 78 7 126 5 82 4
324 78 8 82 5 76 4
325 78 8 82 6 76 4
326 78 10 76 5 82 5
327 78 8 82 6 76 5
328 78 9 82 6 76 5
329 78 8 82 6 76 4
330 78 8 82 6 76 6
331 78 8 76 5 82 5
332 78 8 82 5 76 5
333 78 8 76 6 82 5
334 78 9 82 5 76 4
335 78 9 76 5 82 4
336 78 9 82 4 76 4
337 78 8 76 5 82 4
338 78 8 76 5 82 4
339 78 6 82 5 158 4
340 78 10 76 5 74 4
341 78 9 76 5 74 3
342 78 9 76 5 74 4
343 78 10 76 5 82 3
344 78 10 76 5 74 4
345 78 10 76 6 74 4
346 78 9 76 6 74 3
347 78 9 76 5 74 4
348 78 9 76 4 74 4
349 78 9 76 5 74 4
350 78 8 76 5 74 4
351 78 10 76 4 74 4
352 78 9 76 4 79 4
353 78 9 76 5 74 4
354 78 9 76 5 79 4
355 78 9 76 5 79 4
356 78 9 76 4 74 4
357 78 9 76 5 79 4
358 78 9 76 5 74 3
359 78 9 76 4 79 3
360 78 9 76 5 79 3
361 78 9 76 5 79 3
362 78 8 76 5 79 4
363 78 8 76 5 79 4
364 78 9 76 5 79 4
365 78 9 76 6 79 4
366 78 8 76 6 79 3
367 78 8 76 6 79 3
368 78 8 76 5 79 3
369 78 8 76 5 79 3
370 78 8 76 6 79 3
371 78 8 76 6 75 3
372 78 8 76 6 79 3
373 78 9 76 5 75 3
374 78 9 76 6 79 2
375 78 9 76 5 79 2
376 78 9 76 5 79 3
377 78 9 76 5 79 2
378 78 9 76 5 74 3
379 78 8 76 5 74 3
380 78 8 76 5 79 3
381 78 8 76 5 74 3
382 78 8 76 5 74 3
383 78 8 76 5 74 2
384 78 8 76 5 74 2
385 78 8 76 5 79 2
386 78 8 76 5 74 3
387 78 8 76 5 79 3
388 78 7 76 4 74 3
389 78 6 67 4 76 3
390 78 6 67 4 76 3
391 78 6 67 3 76 3
392 78 6 67 3 76 3
# Clase 78 domino por 303 generaciones
393 67 6 78 5 76 3
394 78 5 67 4 76 3
395 67 6 78 5 76 2
396 67 6 78 5 76 3
397 67 6 78 5 76 3
398 67 7 78 5 76 3
# Clase 67 domino por 4 generaciones
399 78 6 67 4 77 3
400 67 6 78 5 77 3
401 67 6 78 5 80 4
# Clase 67 domino por 2 generaciones
402 78 6 67 5 76 3
403 67 6 78 6 76 3
404 67 7 78 6 76 3
# Clase 67 domino por 2 generaciones
405 78 6 67 5 76 3
406 67 6 78 6 76 3
407 78 6 67 6 76 2
408 78 6 67 5 76 3
# Clase 78 domino por 2 generaciones
409 67 5 78 5 76 3
410 78 6 67 4 76 3
411 78 5 67 5 76 3
412 78 6 67 4 76 3
413 78 6 67 3 76 3
414 78 7 67 4 76 4
415 78 7 67 4 76 4
416 78 7 67 4 76 3
417 78 7 67 4 76 3
418 78 7 76 3 79 3
419 78 6 67 4 76 3
420 78 6 67 4 76 3
421 78 6 76 3 79 3
422 78 6 76 3 67 3
423 78 7 67 4 76 3
424 78 6 67 4 79 3
425 78 6 67 4 79 3
426 78 10 79 3 67 2
427 78 6 67 3 79 3
428 78 6 67 4 79 3
429 78 7 67 3 79 3
430 78 6 67 3 77 2
431 78 6 79 3 76 3
432 78 7 79 3 67 3
433 78 6 79 3 77 2
434 78 6 79 3 67 3
435 78 5 80 4 79 3
# Clase 78 domino por 26 generaciones
436 79 5 78 5 76 3
437 78 5 76 3 79 2
438 78 5 76 3 77 3
439 78 5 76 3 77 2
440 78 5 76 3 77 3
441 78 4 76 4 77 3
442 78 4 76 4 77 3
# Clase 78 domino por 6 generaciones
443 76 4 78 4 77 2
444 78 4 76 3 77 3
445 78 4 76 3 77 2
446 78 4 76 3 77 2
447 78 4 76 3 77 2
448 78 4 84 3 76 3
449 78 4 76 3 63 3
450 78 3 63 3 76 3
# Clase 78 domino por 7 generaciones
451 63 6 78 3 76 3
452 63 7 76 3 78 3
453 63 5 76 3 78 3
454 63 7 76 3 78 3
455 63 6 76 3 78 3
456 63 6 78 3 76 3
457 63 5 78 3 76 3
458 63 7 78 3 79 2
459 63 9 76 2 80 2
460 63 10 76 2 78 2
461 63 9 78 2 80 2
462 63 11 78 2 80 2
463 63 11 76 2 79 2
464 63 9 76 2 80 2
465 63 11 80 2 76 2
466 63 8 66 2 80 2
467 63 14 66 2 80 2
468 63 15 66 2 80 2
469 63 15 66 2 80 2
470 63 16 66 2 80 2
471 63 14 76 2 66 2
472 63 18 76 2 79 2
473 63 17 76 2 79 2
474 63 16 76 2 80 2
475 63 34 76 1 77 1
476 63 32 66 1 67 1
477 63 31 66 1 62 1
478 63 31 66 1 62 1
479 63 29 66 1 62 1
480 63 29 66 1 62 1
481 63 28 66 2 62 1
482 63 27 66 2 61 1
483 63 29 66 1 62 1
484 63 29 66 2 64 1
485 63 28 66 3 64 1
486 63 27 66 3 64 1
487 63 26 66 3 64 1
488 63 25 66 3 62 1
489 63 25 66 3 62 1
490 63 25 66 3 62 2
491 63 37 66 1 64 1
492 63 28 66 2 64 1
493 63 27 66 2 64 1
494 63 24 66 2 62 2
495 63 23 66 3 64 2
496 63 23 66 3 64 2
497 63 22 66 3 64 2
498 63 33 64 3 66 1
499 63 25 64 3 66 2
500 63 24 64 2 66 2
501 63 22 64 3 66 2
502 63 22 66 3 64 3
503 63 21 66 3 64 3
504 63 21 66 3 64 3
505 63 30 64 4 66 2
506 63 25 64 3 66 2
507 63 23 64 3 66 3
508 63 22 64 3 66 3
509 63 21 64 4 66 3
510 63 20 64 4 66 4
511 63 19 66 3 64 3
512 63 19 66 4 64 3
513 63 18 65 4 64 3
514 63 19 64 4 66 3
515 63 18 64 5 66 3
516 63 18 64 4 66 3
517 63 16 64 5 65 4
518 63 18 64 5 66 3
519 63 23 64 5 66 2
520 63 16 64 6 65 3
521 63 17 64 5 66 3
522 63 16 64 4 66 4
523 63 16 64 5 65 3
524 63 17 64 6 66 3
525 63 18 64 5 66 3
526 63 17 64 5 66 3
527 63 16 64 5 66 3
528 63 16 64 7 66 3
529 63 16 64 6 66 3
530 63 21 64 6 66 2
531 63 18 64 6 66 3
532 63 17 64 6 66 3
533 63 16 64 5 62 3
534 63 15 64 6 66 4
535 63 15 64 6 66 4
536 63 20 64 7 66 3
537 63 16 64 6 66 3
538 63 15 64 6 66 4
539 63 14 64 6 66 4
540 63 14 64 5 65 5
541 63 14 64 5 66 4
542 63 15 64 6 66 4
543 63 18 64 6 66 3
544 63 17 64 6 66 3
545 63 16 64 6 66 4
546 63 15 64 6 66 4
547 63 14 64 6 66 4
548 63 13 64 6 66 4
549 63 13 64 6 66 4
550 63 14 64 6 66 4
551 63 16 64 6 66 4
552 63 15 64 6 62 3
553 63 16 64 6 62 3
554 63 16 64 5 65 3
555 63 15 64 5 65 4
556 63 14 64 6 65 3
557 63 15 64 5 66 3
558 63 11 64 6 66 4
559 63 13 64 5 62 3
560 63 14 64 6 62 4
561 63 13 64 6 62 4
562 63 13 64 6 62 4
563 63 13 64 6 62 4
564 63 13 64 6 62 5
565 63 12 64 6 62 5
566 63 13 64 5 62 4
567 63 13 64 5 62 5
568 63 12 64 6 62 4
569 63 12 64 5 62 4
570 63 12 62 5 64 5
571 63 14 64 5 65 3
572 63 14 64 5 62 3
573 63 13 64 5 62 4
574 63 13 64 5 62 4
575 63 12 64 5 62 3
576 63 12 64 5 65 4
577 63 11 64 5 65 4
578 63 12 64 5 65 3
579 63 12 64 5 62 4
580 63 12 64 4 62 4
581 63 12 64 5 62 4
582 63 11 64 5 62 4
583 63 9 61 5 64 5
584 63 9 61 6 62 5
585 63 9 64 5 61 5
586 63 9 64 5 61 4
587 63 9 64 5 62 5
588 63 11 64 4 61 4
589 63 9 64 5 62 4
590 63 9 64 5 61 4
591 63 9 64 6 61 4
592 63 9 64 6 61 4
593 63 9 64 5 61 4
594 63 8 64 5 62 4
595 63 8 64 6 62 4
596 63 8 64 6 62 4
597 63 8 64 6 62 4
598 63 8 64 6 66 4
599 63 8 64 5 62 4
600 63 8 64 5 62 4
601 63 8 64 5 62 4
602 63 8 64 6 62 4
603 63 7 64 6 62 4
604 63 7 64 5 62 4
605 63 7 64 5 62 4
606 63 7 64 5 62 4
607 63 7 64 6 62 3
608 63 6 64 5 62 4
609 63 5 64 4 62 3
610 63 5 60 4 64 4
# Clase 63 domino por 160 generaciones
611 60 6 63 5 64 3
612 60 6 63 5 64 3
613 60 6 63 5 64 5
614 60 6 63 5 62 4
615 60 10 63 4 64 3
616 60 10 62 4 143 4
617 60 9 63 4 62 4
618 60 12 63 4 62 3
619 60 12 62 3 63 3
620 60 7 63 4 62 4
621 60 12 63 3 62 3
622 60 8 63 4 62 3
623 60 12 63 4 59 4
624 60 8 63 4 59 3
625 60 12 59 5 63 5
626 60 10 62 4 59 3
627 60 8 63 4 59 4
628 60 10 62 6 59 4
629 60 9 59 4 62 4
630 60 12 59 5 63 4
631 60 10 59 5 63 4
632 60 9 63 5 59 4
633 60 12 63 4 59 4
634 60 9 63 5 59 4
635 60 9 63 5 59 4
636 60 12 59 4 63 4
637 60 9 63 4 59 4
638 60 9 63 5 62 4
639 60 7 59 4 64 4
640 60 9 63 5 62 3
641 60 11 63 5 62 3
642 60 9 63 5 62 4
643 60 9 63 5 62 4
644 60 13 63 5 62 3
645 60 9 63 6 62 4
646 60 7 63 6 62 4
647 60 10 63 6 62 4
648 60 7 63 6 62 5
649 60 9 63 6 62 5
650 60 7 63 6 62 5
651 60 6 63 6 62 5
652 60 8 63 5 62 5
653 60 7 62 5 63 5
654 60 8 62 5 63 5
655 60 8 63 5 62 4
656 60 6 63 5 62 5
657 60 8 63 6 62 4
658 60 5 64 5 63 4
659 60 7 63 7 62 4
660 60 8 63 5 62 3
661 60 6 63 5 62 4
662 60 7 63 5 64 4
663 60 6 63 5 64 4
664 60 7 63 5 64 4
665 60 7 63 5 62 4
666 60 6 63 5 64 4
667 60 9 63 5 62 4
668 60 7 63 5 62 4
669 60 7 63 5 62 4
670 60 7 63 5 62 4
671 60 7 63 6 62 4
672 60 7 63 5 62 4
673 60 7 63 5 62 4
674 60 7 63 5 62 4
675 60 7 63 5 62 4
# Clase 60 domino por 65 generaciones
676 62 7 60 6 63 5
677 60 8 63 6 62 4
678 60 7 63 5 62 4
679 60 8 63 6 62 4
680 60 7 63 6 59 4
681 60 7 63 6 59 4
682 60 7 63 6 62 4
683 60 7 63 5 62 4
684 60 7 63 5 62 4
685 60 7 63 5 62 4
686 60 7 63 5 59 4
687 60 7 63 5 62 4
688 60 7 63 5 62 4
689 60 7 63 6 62 4
690 60 8 63 5 62 5
691 60 8 62 6 64 5
692 60 7 62 5 63 4
693 60 8 62 6 64 5
694 60 10 62 5 64 4
695 60 10 64 5 62 5
696 60 9 62 5 64 5
697 60 10 62 5 64 4
698 60 9 62 6 64 5
699 60 9 62 5 61 4
700 60 9 62 5 61 5
701 60 10 62 5 61 4
702 60 10 62 5 61 4
703 60 10 62 6 61 4
704 60 11 62 6 61 5
705 60 10 62 6 61 5
706 60 10 62 6 61 5
707 60 11 62 6 61 4
708 60 10 62 5 63 4
709 60 10 62 5 63 4
710 60 10 62 5 63 5
# Clase 60 domino por 34 generaciones
711 62 9 60 8 63 4
712 60 8 62 7 63 5
713 60 8 62 6 63 5
714 60 9 62 6 63 6
715 60 9 62 6 64 4
716 60 9 62 6 61 4
717 60 9 62 6 63 5
718 60 8 62 7 63 5
719 60 8 62 7 61 5
720 60 8 62 6 61 6
721 60 8 62 7 61 5
722 60 8 62 6 61 5
723 60 9 62 6 61 5
724 60 8 62 7 61 5
725 60 8 62 7 61 5
726 60 8 62 7 61 5
727 60 7 62 7 61 6
728 60 7 62 6 61 6
729 60 8 62 6 63 5
730 60 7 62 7 61 6
# Clase 60 domino por 19 generaciones
731 62 8 60 7 61 5
732 60 7 62 7 61 6
733 63 7 60 6 62 6
734 60 7 62 6 61 5
735 60 8 62 7 61 5
736 60 8 62 7 64 5
# Clase 60 domino por 3 generaciones
737 62 8 60 7 64 5
738 62 8 60 7 61 5
# Clase 62 domino por 2 generaciones
739 60 8 62 7 61 5
740 60 9 62 7 61 5
741 60 8 62 7 64 5
742 60 8 62 6 64 5
743 60 7 62 6 64 5
744 60 7 62 7 64 5
745 60 7 62 6 64 5
746 60 6 62 6 64 5
747 60 7 62 6 64 6
# Clase 60 domino por 9 generaciones
748 64 7 60 7 62 6
749 60 7 64 6 62 6
750 60 7 64 6 62 5
751 60 7 64 6 62 6
752 60 8 62 6 64 5
753 60 7 62 6 64 6
754 60 6 62 6 64 5
755 60 7 62 6 64 5
756 60 7 62 6 64 6
757 60 7 64 6 62 6
758 60 7 62 6 64 5
759 60 7 62 7 64 5
# Clase 60 domino por 11 generaciones
760 64 8 60 7 62 6
761 60 6 62 6 64 5
762 60 7 62 6 63 5
763 60 6 62 6 63 5
# Clase 60 domino por 3 generaciones
764 62 7 60 6 63 5
765 62 6 60 6 63 5
766 62 6 60 6 63 5
# Clase 62 domino por 3 generaciones
767 60 6 62 6 63 5
768 60 6 63 6 62 6
# Clase 60 domino por 2 generaciones
769 62 6 60 6 63 5
770 62 6 60 6 63 6
# Clase 62 domino por 2 generaciones
771 60 6 63 6 62 6
772 63 6 60 6 62 5
773 63 7 60 5 64 5
774 63 6 60 6 62 5
775 63 7 60 5 62 5
776 63 7 60 5 61 5
777 63 6 60 5 61 4
778 63 6 60 5 62 4
779 63 6 60 5 62 5
780 63 6 60 6 62 5
781 63 6 60 5 62 5
782 63 6 60 5 62 4
783 63 7 60 6 62 5
784 63 6 61 5 60 5
785 63 7 60 6 62 5
786 63 7 60 6 62 4
787 63 5 61 5 60 5
788 63 6 60 6 62 5
789 63 6 60 6 62 5
790 63 6 60 6 62 5
# Clase 63 domino por 19 generaciones
791 60 6 63 6 62 5
792 60 6 63 6 62 5
# Clase 60 domino por 2 generaciones
793 63 6 60 6 64 5
794 63 6 60 6 62 5
795 63 7 60 6 62 5
796 63 6 60 5 62 5
# Clase 63 domino por 4 generaciones
797 60 6 63 6 62 5
798 60 9 63 5 62 5
# Clase 60 domino por 2 generaciones
799 63 6 60 6 62 5
800 60 6 63 6 62 5
801 60 6 63 6 62 5
# Clase 60 domino por 2 generaciones
802 63 6 60 6 62 5
803 63 6 60 5 62 5
804 63 6 60 6 62 5
805 63 6 62 6 60 5
# Clase 63 domino por 4 generaciones
806 62 6 63 5 60 5
807 63 7 60 5 62 5
808 62 7 63 5 60 5
809 62 6 63 5 60 5
810 62 6 60 6 63 5
811 62 6 63 5 60 5
812 62 7 60 6 63 5
813 62 7 60 6 63 6
814 62 7 60 6 61 5
815 62 7 60 6 63 5
816 62 7 60 6 63 5
817 62 8 60 6 63 5
818 62 7 60 5 63 5
819 62 7 60 6 61 5
820 62 7 60 6 61 6
821 62 6 64 5 61 5
822 62 7 61 6 60 5
823 62 8 61 6 60 5
824 62 8 61 6 60 6
825 62 8 61 6 60 5
826 62 8 61 5 60 5
827 62 7 61 6 63 5
828 62 8 61 6 60 5
829 62 8 61 6 63 5
830 62 9 61 5 63 5
831 62 8 61 6 60 5
832 62 8 61 5 60 4
833 62 8 63 5 60 5
834 62 8 60 5 63 5
835 62 7 60 5 61 5
836 62 8 60 5 64 5
837 62 8 60 5 63 5
838 62 9 63 4 60 4
839 62 8 63 5 60 4
840 62 8 60 5 63 5
841 62 8 63 5 64 5
842 62 7 64 7 63 5
843 62 8 63 6 60 5
844 62 8 63 5 60 5
845 62 8 63 5 64 5
846 62 8 63 5 60 5
847 62 8 60 5 61 5
848 62 8 61 5 64 5
849 62 8 64 5 60 5
850 62 9 64 5 60 5
851 62 8 64 5 60 5
852 62 9 64 5 61 5
853 62 8 61 6 64 5
854 62 9 61 6 64 5
855 62 9 61 5 64 5
856 62 9 64 5 61 5
857 62 9 64 5 61 5
858 62 9 64 5 61 4
859 62 8 61 5 63 5
860 62 8 61 6 64 5
861 62 8 61 6 64 5
862 62 9 61 5 64 5
863 62 7 64 4 63 4
864 62 8 64 7 63 6
865 62 9 64 6 63 5
866 62 8 64 6 63 5
867 62 8 64 7 63 5
868 62 9 64 7 63 5
869 62 7 64 7 63 5
870 62 7 64 6 63 5
871 62 7 63 5 64 5
872 62 7 64 5 63 5
873 62 8 64 6 63 5
874 62 7 64 6 61 4
875 62 6 64 6 61 5
876 62 7 64 6 63 5
# Clase 62 domino por 69 generaciones
877 64 7 62 7 63 5
878 62 7 64 7 61 4
879 64 7 62 7 61 4
880 64 7 62 6 63 5
881 64 8 62 6 61 4
882 64 8 62 7 61 4
883 64 8 62 6 61 4
884 64 8 62 6 61 4
885 64 8 62 6 61 4
886 64 8 62 6 61 4
887 64 7 62 6 63 4
888 64 8 62 6 61 4
889 64 8 62 6 61 4
890 64 7 62 6 61 4
891 64 7 62 6 61 4
892 64 7 62 6 61 4
893 64 7 62 6 61 4
894 64 7 62 6 61 4
895 64 7 62 6 61 4
896 64 8 62 5 61 4
897 64 8 62 6 61 4
898 64 7 62 6 63 4
899 64 8 62 6 60 4
900 64 8 62 5 60 4
901 64 8 62 6 60 5
902 64 7 62 6 61 4
903 64 7 62 5 61 4
904 64 7 62 5 60 4
905 64 6 60 6 62 5
906 64 7 62 6 61 4
907 64 7 62 5 61 4
908 64 8 62 5 61 4
909 64 7 62 5 60 4
910 64 7 60 6 62 5
911 64 7 62 4 60 4
912 64 6 138 4 62 3
913 64 7 62 5 60 4
914 64 8 62 4 60 4
915 64 7 62 4 60 4
916 64 8 60 4 62 3
917 64 8 60 4 62 3
918 64 8 62 4 60 4
919 64 8 60 4 62 3
920 64 8 60 4 62 4
921 64 9 60 4 61 4
922 64 8 61 4 60 4
923 64 9 61 4 63 4
924 64 8 60 4 61 4
925 64 8 63 4 61 4
926 64 8 63 4 61 4
927 64 8 61 5 63 5
928 64 8 61 5 63 4
929 64 8 61 5 63 4
930 64 9 61 6 63 4
931 64 9 61 6 63 4
932 64 9 61 6 63 4
933 64 9 61 6 63 4
934 64 9 61 5 63 4
935 64 9 61 6 63 5
936 64 8 61 6 63 5
937 64 8 61 6 63 5
938 64 7 61 5 63 5
939 64 8 60 4 62 4
940 64 10 62 5 63 5
941 64 10 63 5 60 5
942 64 10 63 5 60 5
943 64 10 63 6 60 5
944 64 10 63 5 62 5
945 64 9 63 5 62 5
946 64 11 62 5 63 5
947 64 11 62 5 60 5
948 64 11 62 5 60 5
949 64 10 62 5 60 5
950 64 10 62 6 63 4
951 64 10 62 5 63 5
952 64 10 63 5 62 5
953 64 10 63 5 60 4
954 64 11 63 5 61 4
955 64 10 63 5 60 5
956 64 10 63 5 62 4
957 64 9 63 5 62 5
958 64 10 63 5 62 5
959 64 9 62 5 63 4
960 64 10 62 4 63 4
961 64 9 62 4 63 4
962 64 9 62 5 57 4
963 64 8 63 6 57 5
964 64 8 57 4 62 4
965 64 9 63 5 61 4
966 64 8 57 5 63 5
967 64 9 62 5 63 4
968 64 8 63 5 62 4
969 64 7 57 4 63 4
970 64 9 62 4 61 4
971 64 9 62 5 61 4
972 64 8 62 4 57 4
973 64 8 62 4 63 4
974 64 7 62 4 63 4
975 64 8 62 4 57 4
976 64 8 62 4 61 4
977 64 7 62 4 57 4
978 64 8 62 4 57 4
979 64 10 62 4 61 3
980 64 8 57 5 62 4
981 64 8 62 4 61 4
982 64 8 57 4 62 4
983 64 8 62 4 63 3
984 64 8 62 4 63 4
985 64 7 58 4 63 4
986 64 8 63 4 61 4
987 64 8 63 4 62 4
988 64 8 63 5 62 4
989 64 7 65 5 62 4
990 64 7 63 5 62 4
991 64 7 63 5 62 4
992 64 7 62 4 63 4
993 64 6 63 4 62 3
994 64 7 63 4 62 4
995 64 7 63 4 61 3
996 64 7 63 4 61 4
997 64 6 63 4 62 3
998 64 7 62 4 63 4
999 64 7 62 4 63 4
1000 64 8 62 4 61 3
1001 64 8 62 4 63 3
1002 64 7 62 4 65 3
1003 64 7 62 5 63 4
1004 64 7 62 5 63 3
1005 64 13 62 3 58 2
1006 64 7 62 6 61 4
1007 64 7 62 6 61 4
1008 64 7 62 7 61 4
1009 64 8 62 6 61 4
1010 64 8 62 6 58 4
1011 64 8 62 6 58 4
1012 64 8 62 6 61 4
1013 64 9 62 5 61 4
1014 64 8 62 5 58 5
1015 64 8 62 6 61 4
1016 64 8 62 6 61 4
1017 64 8 62 6 61 4
1018 64 7 62 6 61 4
1019 64 7 62 6 61 4
1020 64 7 62 6 61 4
1021 64 7 62 6 61 4
1022 64 7 62 6 61 4
1023 64 7 62 6 61 4
1024 64 7 62 6 61 4
1025 64 7 62 6 60 4
1026 64 7 62 6 61 3
1027 64 7 62 5 60 3
1028 64 6 62 5 61 3
1029 64 6 62 5 61 3
1030 64 6 62 5 61 3
1031 64 5 62 5 61 3
# Clase 64 domino por 153 generaciones
1032 62 5 64 5 60 3
1033 62 5 64 5 61 3
1034 62 6 64 5 56 3
# Clase 62 domino por 3 generaciones
1035 56 7 62 5 64 4
1036 56 7 62 6 64 5
1037 56 7 62 6 64 4
1038 56 9 62 6 64 5
1039 56 11 62 4 64 3
1040 56 12 62 4 64 3
1041 56 10 62 4 64 4
1042 56 11 64 4 62 4
1043 56 9 62 4 64 4
1044 56 13 64 3 62 3
1045 56 11 64 4 62 3
1046 56 16 63 4 62 4
1047 56 12 62 3 64 3
1048 56 20 62 4 64 4
1049 56 17 62 5 60 2
1050 56 13 57 3 62 3
1051 56 22 62 2 60 2
1052 56 20 60 2 58 2
1053 56 23 57 3 58 3
1054 56 23 60 2 57 2
1055 56 22 58 2 57 2
1056 56 26 60 2 58 2
1057 56 28 58 1 60 1
1058 56 26 58 2 60 1
1059 56 26 55 3 58 2
1060 56 27 58 2 57 2
1061 56 26 58 2 57 2
1062 56 25 58 2 57 2
1063 56 24 58 2 57 2
1064 56 25 116 5 58 2
1065 56 26 58 2 55 2
1066 56 26 58 2 55 2
1067 56 35 55 3 58 2
1068 56 23 55 4 57 4
1069 56 25 55 3 58 2
1070 56 24 55 4 57 2
1071 56 28 55 3 57 1
1072 56 27 55 3 57 2
1073 56 24 112 4 55 3
1074 56 32 55 4 57 2
1075 56 26 55 3 57 2
1076 56 22 57 5 55 3
1077 56 25 55 3 57 3
1078 56 27 55 3 57 2
1079 56 25 55 3 57 3
1080 56 23 55 3 57 2
1081 56 29 55 6 69 3
1082 56 26 55 4 57 1
1083 56 25 55 4 57 2
1084 56 25 55 4 57 1
1085 56 26 55 4 57 2
1086 56 25 55 3 57 2
1087 56 24 55 3 53 2
1088 56 24 55 4 57 2
1089 56 23 55 4 57 2
1090 56 25 55 4 57 2
1091 56 23 55 4 57 2
1092 56 23 55 4 57 2
1093 56 28 55 4 57 2
1094 56 19 55 4 61 2
1095 56 21 55 5 58 3
1096 56 21 55 5 57 3
1097 56 22 55 5 58 3
1098 56 22 55 4 57 3
1099 56 20 57 5 55 4
1100 56 20 57 5 55 4
1101 56 21 55 5 57 3
1102 56 22 55 4 57 3
1103 56 21 55 5 57 3
1104 56 21 55 4 57 3
1105 56 25 55 5 57 3
1106 56 22 55 5 57 3
1107 56 21 55 5 57 3
1108 56 20 55 5 57 3
1109 56 22 55 5 57 3
1110 56 22 55 4 57 3
1111 56 22 55 5 57 3
1112 56 21 55 5 57 3
1113 56 20 55 4 57 4
1114 56 23 55 4 57 2
1115 56 22 55 5 57 3
1116 56 22 55 5 57 3
1117 56 21 55 5 57 3
1118 56 23 55 6 57 2
1119 56 24 55 4 57 3
1120 56 22 55 4 57 3
1121 56 22 55 4 57 3
1122 56 23 55 3 54 3
1123 56 23 55 3 57 3
1124 56 22 55 4 57 3
1125 56 22 55 4 57 4
1126 56 23 57 4 55 3
1127 56 23 57 3 55 3
1128 56 23 55 3 57 3
1129 56 23 55 3 57 3
1130 56 24 57 3 55 3
1131 56 22 55 3 57 3
1132 56 23 55 3 57 3
1133 56 22 57 3 55 3
1134 56 21 57 4 55 3
1135 56 21 57 4 55 3
1136 56 21 55 4 57 4
1137 56 20 57 4 55 4
1138 56 20 57 4 55 4
1139 56 20 55 4 57 4
1140 56 21 55 4 57 3
1141 56 21 55 4 57 3
1142 56 21 57 4 55 4
1143 56 21 55 3 57 3
1144 56 22 55 4 57 3
1145 56 20 55 4 57 4
1146 56 21 55 4 57 4
1147 56 21 55 4 57 4
1148 56 21 55 4 57 4
1149 56 20 55 4 57 4
1150 56 20 55 5 57 4
1151 56 21 55 4 57 4
1152 56 21 55 4 57 4
1153 56 18 55 5 57 3
1154 56 19 55 4 57 4
1155 56 17 55 4 113 3
1156 56 21 55 5 57 4
1157 56 20 55 5 57 4
1158 56 22 55 5 57 3
1159 56 21 55 5 57 3
1160 56 22 55 5 57 3
1161 56 18 55 7 57 4
1162 56 21 55 5 57 3
1163 56 21 55 5 57 3
1164 56 20 55 4 57 3
1165 56 20 55 5 57 4
1166 56 20 55 4 57 4
1167 56 20 55 5 57 4
1168 56 18 57 5 55 4
1169 56 17 55 4 57 4
1170 56 18 55 4 57 4
1171 56 18 55 5 57 4
1172 56 18 55 5 57 4
1173 56 18 55 5 57 4
1174 56 18 55 5 57 4
1175 56 17 55 5 57 4
1176 56 16 55 7 57 4
1177 56 17 55 5 57 5
1178 56 17 55 5 57 5
1179 56 17 55 6 57 5
1180 56 17 55 6 57 5
1181 56 17 55 6 57 5
1182 56 16 57 7 55 5
1183 56 18 55 5 57 4
1184 56 18 55 6 57 4
1185 56 18 55 6 57 4
1186 56 18 55 5 57 5
1187 56 17 57 5 55 5
1188 56 18 55 5 57 4
1189 56 17 55 5 57 5
1190 56 18 55 5 57 4
1191 56 17 57 5 55 5
1192 56 17 57 5 55 5
1193 56 16 55 5 57 4
1194 56 17 55 5 57 5
1195 56 16 57 5 55 5
1196 56 16 57 6 55 5
1197 56 15 55 6 57 5
1198 56 16 57 6 55 5
1199 56 14 55 6 57 5
1200 56 15 55 5 57 5
1201 56 15 55 6 57 6
1202 56 14 57 6 55 5
1203 56 15 57 6 55 6
1204 56 14 55 8 57 5
1205 56 15 57 7 55 6
1206 56 15 57 6 55 6
1207 56 14 55 6 57 6
1208 56 14 55 6 57 6
1209 56 14 57 6 55 6
1210 56 14 57 6 55 6
1211 56 14 57 6 55 6
1212 56 14 55 6 57 6
1213 56 14 57 6 55 6
1214 56 13 57 6 55 5
1215 56 13 57 6 55 5
1216 56 13 57 6 55 6
1217 56 13 57 7 55 6
1218 56 13 57 7 58 6
1219 56 13 57 7 58 5
1220 56 12 57 7 55 6
1221 56 13 57 7 55 6
1222 56 12 57 7 114 5
1223 56 13 57 7 55 5
1224 56 12 57 6 55 6
1225 56 12 57 7 58 5
1226 56 13 57 7 58 5
1227 56 13 57 7 58 5
1228 56 12 57 6 58 6
1229 56 12 57 7 58 5
1230 56 12 57 7 58 6
1231 56 12 57 7 58 6
1232 56 12 57 7 58 5
1233 56 12 57 7 58 5
1234 56 13 57 8 58 5
1235 56 13 57 7 58 5
1236 56 12 57 7 55 5
1237 56 12 57 8 58 5
1238 56 12 57 8 58 5
1239 56 13 57 8 58 5
1240 56 12 57 7 58 5
1241 56 12 57 8 58 5
1242 56 12 57 8 58 5
1243 56 12 57 8 58 5
1244 56 12 57 8 58 5
1245 56 11 57 8 58 5
1246 56 12 57 8 58 5
1247 56 12 57 8 58 5
1248 56 12 57 7 55 5
1249 56 12 57 7 55 5
1250 56 12 57 8 55 5
1251 56 12 57 7 58 5
1252 56 12 57 7 58 5
1253 56 11 57 7 58 5
1254 56 11 57 7 58 5
1255 56 11 57 7 58 5
1256 56 11 57 7 58 6
1257 56 11 57 7 58 5
1258 56 11 57 8 58 5
1259 56 11 57 8 58 5
1260 56 10 57 8 58 5
1261 56 11 57 8 58 5
1262 56 11 57 7 58 4
1263 56 12 57 7 58 4
1264 56 12 57 7 58 4
1265 56 12 57 7 58 4
1266 56 13 57 7 58 4
1267 56 11 57 7 58 5
1268 56 12 57 8 58 5
1269 56 11 57 8 58 5
1270 56 11 57 7 58 6
1271 56 11 57 7 58 5
1272 56 11 57 7 58 6
1273 56 11 57 8 58 6
1274 56 11 57 7 58 5
1275 56 12 57 7 58 5
1276 56 12 57 7 58 5
1277 56 12 57 8 58 6
1278 56 11 58 8 57 7
1279 56 12 57 8 58 6
1280 56 12 57 8 58 6
1281 56 10 57 9 58 5
1282 56 11 57 8 58 6
1283 56 11 57 8 58 7
1284 56 11 57 8 58 7
1285 56 11 57 8 58 7
1286 56 11 57 8 58 7
1287 56 10 57 8 58 7
1288 56 10 57 8 58 8
1289 56 10 57 9 58 7
1290 56 10 57 8 58 7
1291 56 10 57 9 58 7
1292 56 10 57 9 58 8
1293 56 10 58 8 57 8
1294 56 10 58 8 57 8
1295 56 10 57 8 58 8
1296 56 10 57 8 58 8
1297 56 10 58 8 57 7
1298 56 10 58 7 57 7
1299 56 10 58 8 57 7
1300 56 10 58 8 57 7
1301 56 10 57 8 58 7
1302 56 10 57 8 58 7
1303 56 10 57 8 58 7
1304 56 9 57 7 58 7
1305 56 10 57 8 58 7
1306 56 8 58 7 57 6
1307 56 11 57 8 58 6
1308 56 10 57 8 58 7
1309 56 10 57 8 58 6
1310 56 10 57 8 58 7
1311 56 10 57 8 58 7
1312 56 10 57 9 58 6
1313 56 10 57 9 58 7
1314 56 10 57 9 58 6
1315 56 10 57 9 58 6
1316 56 9 57 8 58 5
1317 56 8 57 8 58 7
1318 56 9 57 8 58 5
1319 56 9 57 9 58 6
1320 56 9 57 8 58 6
1321 56 9 57 8 58 6
1322 56 9 57 8 58 6
1323 56 9 57 9 58 6
1324 56 9 57 9 58 6
# Clase 56 domino por 290 generaciones
1325 57 9 56 9 58 6
1326 56 9 57 9 58 5
1327 56 11 57 9 58 5
1328 56 12 57 9 58 4
1329 56 11 57 9 58 4
1330 56 11 57 8 58 6
1331 56 11 57 9 58 5
1332 56 11 57 9 58 5
1333 56 11 57 9 58 5
1334 56 11 57 9 58 5
1335 56 10 57 9 58 5
1336 56 11 57 9 58 5
1337 56 11 57 9 58 5
1338 56 11 57 9 58 5
1339 56 10 57 9 58 5
1340 56 11 57 9 58 5
1341 56 10 57 9 58 6
1342 56 10 57 9 58 6
1343 56 10 57 9 58 5
1344 56 10 57 10 58 5
1345 56 10 57 9 58 5
# Clase 56 domino por 20 generaciones
1346 57 10 56 9 58 5
1347 56 10 57 9 58 5
1348 57 9 56 9 58 5
1349 56 9 57 9 58 6
1350 56 10 57 9 58 5
1351 56 9 57 9 58 5
# Clase 56 domino por 3 generaciones
1352 57 9 56 9 58 5
1353 57 9 56 9 58 6
# Clase 57 domino por 2 generaciones
1354 56 9 57 9 58 5
1355 56 10 57 9 58 5
# Clase 56 domino por 2 generaciones
1356 57 9 56 9 58 6
1357 57 9 56 9 58 5
# Clase 57 domino por 2 generaciones
1358 56 10 57 9 58 5
1359 57 9 56 9 58 5
1360 56 9 57 8 58 5
1361 57 10 56 8 58 5
1362 56 9 57 9 58 5
1363 56 10 57 8 55 5
1364 56 9 57 8 58 5
1365 56 9 57 8 55 6
1366 56 9 57 8 58 5
1367 56 8 57 8 58 6
1368 56 9 57 8 58 6
1369 56 9 57 8 58 6
1370 56 8 57 7 55 5
1371 56 8 57 8 58 6
1372 56 9 57 9 58 6
1373 56 9 57 8 58 6
1374 56 9 57 8 58 6
# Clase 56 domino por 13 generaciones
1375 57 8 56 8 58 6
1376 56 9 57 8 58 6
1377 56 9 57 9 58 6
# Clase 56 domino por 2 generaciones
1378 57 9 56 8 58 6
1379 57 8 56 8 58 5
# Clase 57 domino por 2 generaciones
1380 56 8 57 8 55 7
1381 56 9 57 9 58 6
# Clase 56 domino por 2 generaciones
1382 57 9 56 9 55 5
1383 56 9 57 8 55 5
1384 56 9 57 8 55 6
1385 56 9 57 8 55 6
1386 56 9 57 8 55 6
1387 56 9 57 8 55 6
1388 56 9 57 8 55 6
1389 56 9 57 8 55 6
1390 56 10 57 8 55 5
1391 56 10 57 9 55 5
1392 56 8 57 7 55 6
1393 56 9 57 9 55 6
# Clase 56 domino por 11 generaciones
1394 57 9 56 9 58 6
1395 56 9 57 9 58 6
1396 56 11 57 8 58 5
1397 56 10 57 9 58 6
1398 56 9 57 9 58 6
1399 56 9 57 8 58 6
1400 56 9 57 8 55 6
1401 56 9 57 8 55 6
1402 56 10 57 8 58 5
1403 56 9 57 7 55 7
# Clase 56 domino por 9 generaciones
1404 57 9 56 9 55 5
1405 57 9 56 9 55 5
# Clase 57 domino por 2 generaciones
1406 56 9 57 9 55 5
1407 56 10 57 9 58 5
1408 56 10 57 9 55 5
1409 56 10 57 9 55 5
1410 56 9 57 7 55 4
1411 56 9 57 9 55 4
1412 56 8 57 7 58 6
1413 56 10 57 8 58 4
1414 56 10 57 8 55 4
1415 56 11 57 8 55 4
1416 56 11 57 8 55 5
1417 56 11 57 8 58 4
1418 56 10 57 8 58 4
1419 56 10 57 8 58 4
1420 56 11 57 9 58 4
1421 56 11 57 9 55 4
1422 56 10 57 8 58 5
1423 56 11 57 8 58 4
1424 56 11 57 8 58 5
1425 56 9 57 8 55 5
1426 56 11 57 8 58 4
1427 56 10 57 9 55 4
1428 56 11 57 9 58 5
1429 56 12 57 9 58 4
1430 56 11 57 9 58 4
1431 56 11 57 9 58 5
1432 56 11 57 9 58 5
1433 56 11 57 9 58 4
1434 56 11 57 9 58 4
1435 56 11 57 8 58 5
1436 56 11 57 8 58 5
1437 56 11 57 8 58 5
1438 56 11 57 9 58 4
1439 56 11 57 9 58 4
1440 56 11 57 8 54 4
1441 56 10 57 8 55 4
1442 56 11 57 8 58 4
1443 56 11 57 8 55 4
1444 56 11 57 8 55 4
1445 56 10 57 8 55 4
1446 56 10 57 9 55 4
1447 56 10 57 9 58 4
1448 56 10 57 9 58 4
1449 56 11 57 8 58 4
1450 56 11 57 8 58 5
1451 56 11 57 8 58 5
1452 56 11 57 8 58 5
1453 56 11 57 8 58 4
1454 56 11 57 9 58 4
1455 56 10 57 9 55 4
1456 56 11 57 9 55 4
1457 56 10 57 9 58 4
1458 56 11 57 8 58 4
1459 56 11 57 9 58 4
1460 56 11 57 9 58 4
# Clase 56 domino por 55 generaciones
1461 57 10 56 9 118 6
1462 56 10 57 8 58 5
1463 56 9 57 8 58 5
1464 56 10 57 8 58 5
1465 56 10 57 8 58 6
1466 56 9 57 8 58 5
1467 56 8 55 6 168 5
1468 56 11 55 6 57 6
1469 56 11 55 6 57 6
1470 56 12 55 7 57 5
1471 56 11 55 6 54 5
1472 56 12 55 6 54 5
1473 56 12 55 6 54 6
1474 56 12 55 6 54 5
1475 56 12 55 5 54 5
1476 56 11 55 5 54 5
1477 56 11 57 5 55 5
1478 56 11 57 5 55 5
1479 56 12 57 5 55 5
1480 56 11 55 5 54 5
1481 56 11 54 5 57 5
1482 56 10 57 5 54 5
1483 56 11 55 6 54 5
1484 56 11 54 6 55 5
1485 56 11 55 6 54 5
1486 56 10 55 6 54 5
1487 56 10 55 5 57 5
1488 56 10 57 6 55 5
1489 56 9 57 6 55 6
1490 56 11 57 6 55 5
1491 56 11 57 6 55 5
1492 56 11 57 6 55 5
1493 56 10 57 5 55 5
1494 56 11 57 5 55 5
1495 56 12 55 6 57 5
1496 56 11 55 6 57 5
1497 56 10 55 6 57 6
1498 56 10 55 6 57 6
1499 56 10 55 5 57 5
1500 56 10 55 6 57 5
1501 56 10 57 6 55 5
1502 56 9 57 7 55 5
1503 56 10 57 6 55 5
1504 56 10 55 6 57 5
1505 56 10 55 6 54 5
1506 56 10 55 6 57 5
1507 56 10 55 6 54 6
1508 56 10 55 6 54 5
1509 56 10 54 6 55 6
1510 56 10 55 6 57 5
1511 56 10 55 6 57 5
1512 56 10 57 6 55 5
1513 56 10 57 6 55 5
1514 56 10 57 5 55 5
1515 56 10 55 6 54 5
1516 56 10 55 6 57 6
1517 56 10 55 7 57 5
1518 56 10 55 7 57 5
1519 56 10 55 7 57 5
1520 56 10 55 7 54 5
1521 56 10 55 7 54 5
1522 56 10 55 7 57 5
1523 56 9 55 6 57 5
1524 56 10 55 6 57 5
1525 56 10 55 6 57 5
1526 56 10 55 6 57 6
1527 56 10 55 6 57 5
1528 56 10 55 6 57 5
1529 56 9 55 6 57 5
1530 56 9 55 7 57 5
1531 56 9 55 7 57 5
1532 56 9 55 7 57 5
1533 56 9 55 7 57 5
1534 56 10 55 7 57 5
1535 56 10 55 6 57 5
1536 56 10 55 7 57 5
1537 56 10 55 7 57 6
1538 56 10 55 7 57 6
1539 56 10 55 6 57 5
1540 56 10 55 6 57 5
1541 56 10 55 7 57 5
1542 56 10 55 6 57 5
1543 56 10 55 6 57 5
1544 56 11 55 6 54 5
1545 56 10 55 6 57 5
1546 56 9 54 6 55 5
1547 56 11 55 6 54 4
1548 56 10 55 6 57 5
1549 56 10 55 6 57 5
1550 56 10 55 6 57 5
1551 56 10 55 6 57 5
1552 56 10 55 6 57 5
1553 56 11 55 6 57 5
1554 56 9 57 7 55 6
1555 56 10 55 7 57 5
1556 56 10 55 6 57 5
1557 56 10 55 6 57 6
1558 56 10 55 6 57 6
1559 56 11 57 6 55 6
1560 56 11 55 6 57 5
1561 56 10 55 6 57 5
1562 56 10 55 6 57 6
1563 56 10 55 6 57 6
1564 56 9 55 6 57 6
1565 56 9 55 6 57 6
1566 56 8 57 6 55 6
1567 56 10 55 6 57 5
1568 56 9 55 6 57 5
1569 56 9 55 6 57 5
1570 56 8 55 6 57 5
1571 56 8 57 6 55 5
1572 56 9 57 5 55 5
1573 56 8 57 6 55 5
1574 56 9 57 7 55 5
1575 56 9 57 6 55 5
1576 56 9 57 7 55 5
1577 56 10 57 7 55 5
1578 56 9 57 6 55 5
1579 56 9 57 6 55 5
1580 56 9 57 6 55 5
1581 56 9 57 6 55 6
1582 56 9 57 6 55 5
1583 56 9 55 6 57 6
1584 56 9 55 6 57 5
1585 56 9 57 6 55 6
1586 56 9 57 6 55 5
1587 56 11 57 5 55 5
1588 56 9 57 6 55 6
1589 56 8 57 6 55 5
1590 56 8 57 6 55 6
1591 56 9 57 6 55 6
1592 56 9 55 6 57 5
1593 56 9 57 6 55 5
1594 56 8 57 6 55 5
1595 56 9 57 6 55 6
1596 56 8 57 6 55 6
1597 56 8 57 6 55 6
1598 56 10 57 5 55 5
1599 56 8 55 6 57 6
1600 56 8 57 6 55 6
1601 56 8 57 7 55 6
1602 56 8 57 7 55 6
1603 56 8 57 6 55 5
1604 56 8 57 6 55 5
1605 56 8 57 6 55 5
1606 56 8 57 6 55 5
1607 56 7 57 6 54 6
1608 56 8 57 7 55 5
1609 56 8 57 7 55 5
1610 56 8 57 7 55 5
1611 56 7 57 6 55 5
1612 56 8 57 6 55 5
1613 56 7 57 7 55 5
1614 56 7 57 7 55 5
1615 56 7 57 6 55 5
1616 56 8 57 6 55 5
1617 56 8 57 6 55 6
1618 56 8 57 6 55 5
1619 56 8 57 6 55 5
1620 56 7 57 6 55 6
1621 56 8 57 6 55 6
1622 56 7 57 6 55 5
1623 56 8 57 7 55 6
1624 56 8 57 6 55 6
1625 56 8 57 6 55 5
1626 56 7 57 6 55 5
1627 56 7 57 6 55 6
1628 56 6 57 6 55 6
1629 56 7 57 6 55 6
1630 56 7 57 6 55 6
1631 56 6 55 6 57 6
1632 56 6 55 6 57 6
1633 56 6 55 6 57 6
# Clase 56 domino por 172 generaciones
1634 51 7 56 5 55 5
1635 51 9 56 5 55 5
# Clase 51 domino por 2 generaciones
1636 56 6 55 6 51 5
1637 51 12 55 5 56 4
1638 51 11 55 5 56 5
1639 51 8 55 5 56 5
1640 51 15 55 4 56 3
1641 51 13 55 5 56 4
1642 51 21 55 4 56 4
1643 51 21 55 3 54 2
1644 51 22 55 2 54 2
1645 51 24 54 3 56 2
1646 51 30 54 1 56 1
1647 51 31 52 1 54 1
1648 51 31 52 1 55 1
1649 51 30 52 1 50 1
1650 51 30 50 1 52 1
1651 51 31 52 1 50 1
1652 51 31 52 1 50 1
1653 51 30 52 1 50 1
1654 51 38 50 1 52 1
1655 51 31 52 1 50 1
1656 51 31 52 1 50 1
1657 51 29 52 3 50 1
1658 51 47 52 3 50 1
1659 51 30 52 2 50 1
1660 51 30 52 2 50 1
1661 51 30 52 2 50 1
1662 51 37 52 3 50 1
1663 51 31 52 2 50 1
1664 51 31 52 2 50 1
1665 51 30 52 3 50 1
1666 51 30 52 3 50 1
1667 51 31 52 3 50 1
1668 51 29 52 3 50 2
1669 51 30 52 4 50 1
1670 51 31 52 3 50 2
1671 51 31 52 3 50 1
1672 51 29 52 3 50 2
1673 51 30 52 3 50 2
1674 51 30 52 3 50 2
1675 51 38 50 5 52 3
1676 51 30 52 3 50 3
1677 51 30 52 3 50 3
1678 51 29 52 3 50 3
1679 51 29 52 4 50 2
1680 51 30 52 3 50 2
1681 51 28 52 3 50 2
1682 51 28 52 4 50 2
1683 51 29 52 4 50 2
1684 51 31 52 3 50 3
1685 51 27 52 4 50 3
1686 51 28 52 4 50 2
1687 51 29 52 4 50 3
1688 51 30 52 4 50 2
1689 51 27 52 4 50 3
1690 51 28 52 4 50 3
1691 51 28 52 4 50 3
1692 51 28 52 5 50 3
1693 51 27 52 5 50 2
1694 51 27 52 6 50 3
1695 51 26 52 5 50 2
1696 51 32 52 6 50 3
1697 51 29 52 5 50 2
1698 51 27 52 5 50 3
1699 51 27 52 5 50 3
1700 51 27 52 5 50 3
1701 51 28 52 5 50 3
1702 51 26 52 5 50 3
1703 51 26 52 7 50 2
1704 51 26 52 5 50 3
1705 51 30 52 6 50 2
1706 51 26 52 5 50 3
1707 51 26 52 6 50 3
1708 51 25 52 6 50 2
1709 51 29 52 6 50 2
1710 51 26 52 6 50 2
1711 51 24 52 6 102 3
1712 51 25 52 6 50 2
1713 51 28 52 7 50 2
1714 51 24 52 7 50 3
1715 51 25 52 8 50 3
1716 51 24 52 8 50 3
1717 51 25 52 8 50 2
1718 51 26 52 8 50 3
1719 51 25 52 7 50 2
1720 51 25 52 8 50 3
1721 51 25 52 8 50 3
1722 51 26 52 7 50 2
1723 51 25 52 7 50 3
1724 51 25 52 7 50 3
1725 51 23 52 8 50 3
1726 51 29 52 8 50 3
1727 51 25 52 7 50 3
1728 51 25 52 8 50 3
1729 51 24 52 8 50 3
1730 51 24 52 8 50 4
1731 51 26 52 7 50 4
1732 51 24 52 7 50 3
1733 51 24 52 7 50 3
1734 51 24 52 8 50 3
1735 51 27 52 7 50 3
1736 51 25 52 7 50 3
1737 51 24 52 7 50 3
1738 51 23 52 7 50 4
1739 51 27 52 8 50 3
1740 51 24 52 7 50 4
1741 51 24 52 7 50 4
1742 51 23 52 7 50 3
1743 51 23 52 7 50 4
1744 51 25 52 7 50 3
1745 51 22 52 6 50 3
1746 51 23 52 7 50 4
1747 51 22 52 7 50 4
1748 51 26 52 7 50 3
1749 51 23 52 7 50 4
1750 51 23 52 7 50 4
1751 51 23 52 8 50 4
1752 51 23 52 8 50 4
1753 51 23 52 7 50 3
1754 51 23 52 8 50 4
1755 51 22 52 8 50 3
1756 51 23 52 8 50 3
1757 51 23 52 8 50 4
1758 51 23 52 8 50 3
1759 51 22 52 8 50 3
1760 51 21 52 8 50 3
1761 51 24 52 8 50 3
1762 51 22 52 8 50 4
1763 51 22 52 8 50 4
1764 51 21 52 8 50 4
1765 51 21 52 8 50 4
1766 51 22 52 8 50 4
1767 51 20 52 8 50 5
1768 51 21 52 8 50 4
1769 51 20 52 8 50 4
1770 51 21 52 9 50 4
1771 51 23 52 8 50 4
1772 51 22 52 8 50 4
1773 51 22 52 8 50 4
1774 51 22 52 8 50 4
1775 51 23 52 10 50 4
1776 51 22 52 8 50 4
1777 51 20 52 8 50 6
1778 51 22 52 8 50 4
1779 51 22 52 8 50 4
1780 51 22 52 8 50 4
1781 51 21 52 8 50 4
1782 51 20 52 8 50 4
1783 51 22 52 8 50 4
1784 51 22 52 8 50 4
1785 51 22 52 8 50 4
1786 51 21 52 8 50 4
1787 51 21 52 7 50 4
1788 51 22 52 7 50 4
1789 51 23 52 8 50 4
1790 51 23 52 7 50 4
1791 51 22 52 8 50 4
1792 51 22 52 7 50 4
1793 51 22 52 8 50 4
1794 51 20 52 8 50 4
1795 51 22 52 7 50 4
1796 51 21 52 7 50 4
1797 51 22 52 7 50 4
1798 51 22 52 8 50 4
1799 51 22 52 7 50 4
1800 51 21 52 8 50 4
1801 51 21 52 7 50 5
1802 51 20 52 7 50 4
1803 51 21 52 8 50 4
1804 51 23 52 7 50 4
1805 51 21 52 7 50 4
1806 51 23 52 7 50 4
1807 51 21 52 8 50 4
1808 51 22 52 8 50 4
1809 51 21 52 8 50 4
1810 51 20 52 8 50 4
1811 51 21 52 8 50 5
1812 51 22 52 8 50 5
1813 51 21 52 7 50 4
1814 51 21 52 7 50 4
1815 51 20 52 7 50 5
1816 51 22 52 7 50 5
1817 51 23 52 7 50 5
1818 51 20 52 7 50 5
1819 51 21 52 7 50 5
1820 51 21 52 7 50 5
1821 51 21 52 8 50 5
1822 51 22 52 8 50 5
1823 51 20 52 8 50 5
1824 51 20 52 8 50 5
1825 51 21 52 7 50 5
1826 51 21 52 8 50 5
1827 51 21 52 8 50 5
1828 51 19 52 7 50 6
1829 51 19 52 8 50 5
1830 51 20 52 8 50 6
1831 51 20 52 8 50 6
1832 51 20 52 8 50 6
1833 51 18 52 8 50 6
1834 51 19 52 8 50 7
1835 51 19 52 8 50 6
1836 51 20 52 9 50 5
1837 51 20 52 8 50 5
1838 51 18 52 8 50 6
1839 51 17 52 10 50 6
1840 51 19 52 8 50 6
1841 51 19 52 9 50 5
1842 51 19 52 8 50 6
1843 51 17 52 8 50 6
1844 51 19 52 8 50 6
1845 51 17 52 8 50 6
1846 51 19 52 9 50 6
1847 51 18 52 9 50 6
1848 51 17 52 9 50 5
1849 51 17 52 10 50 6
1850 51 18 52 9 50 6
1851 51 18 52 8 50 6
1852 51 17 52 9 50 6
1853 51 16 52 8 50 5
1854 51 16 52 9 50 6
1855 51 16 52 9 50 6
1856 51 18 52 9 50 5
1857 51 18 52 9 50 6
1858 51 18 52 9 50 6
1859 51 18 52 9 50 6
1860 51 18 52 9 50 6
1861 51 18 52 9 50 6
1862 51 17 52 10 50 6
1863 51 18 52 9 50 6
1864 51 17 52 8 50 5
1865 51 18 52 8 50 6
1866 51 17 52 8 50 7
1867 51 18 52 9 50 6
1868 51 17 52 9 50 6
1869 51 16 52 9 50 5
1870 51 17 52 9 50 6
1871 51 17 52 9 50 6
1872 51 17 52 10 50 5
1873 51 17 52 9 50 6
1874 51 17 52 10 50 6
1875 51 17 52 10 50 5
1876 51 16 52 10 50 6
1877 51 16 52 10 50 6
1878 51 16 52 10 50 6
1879 51 16 52 10 50 5
1880 51 15 52 9 50 5
1881 51 17 52 10 50 6
1882 51 16 52 10 50 5
1883 51 16 52 10 50 5
1884 51 16 52 10 50 6
1885 51 16 52 10 50 6
1886 51 16 52 10 50 6
1887 51 15 52 10 50 6
1888 51 16 52 10 50 7
1889 51 16 52 10 50 7
1890 51 15 52 10 50 6
1891 51 14 52 10 50 6
1892 51 15 52 10 50 7
1893 51 15 52 10 50 7
1894 51 17 52 9 50 7
1895 51 15 52 9 50 7
1896 51 15 52 10 50 7
1897 51 15 52 10 50 7
1898 51 15 52 9 50 7
1899 51 16 52 10 50 6
1900 51 16 52 9 50 6
1901 51 15 52 10 50 7
1902 51 15 52 9 50 6
1903 51 15 52 9 50 7
1904 51 15 52 9 50 6
1905 51 16 52 10 50 6
1906 51 15 52 10 50 7
1907 51 15 52 10 50 6
1908 51 15 52 9 50 6
1909 51 15 52 9 50 7
1910 51 15 52 9 50 6
1911 51 16 52 9 50 6
1912 51 15 52 9 50 7
1913 51 14 52 9 50 6
1914 51 14 52 9 50 6
1915 51 14 52 9 50 7
1916 51 14 52 10 50 6
1917 51 15 52 10 50 6
1918 51 14 52 9 50 7
1919 51 14 52 10 50 6
1920 51 12 52 11 50 6
1921 51 13 52 10 50 7
1922 51 13 52 10 50 6
1923 51 13 52 9 50 7
1924 51 13 52 9 50 6
1925 51 13 52 9 50 6
1926 51 12 52 9 50 7
1927 51 13 52 9 50 6
1928 51 12 52 9 50 6
1929 51 12 52 10 50 6
1930 51 12 52 10 50 6
1931 51 13 52 10 50 6
1932 51 12 52 9 50 6
1933 51 13 52 9 50 6
1934 51 13 52 10 50 6
1935 51 12 52 10 50 6
1936 51 13 52 10 50 6
1937 51 12 52 9 50 6
1938 51 13 52 9 50 5
1939 51 13 52 10 50 5
1940 51 13 52 10 50 6
1941 51 13 52 10 50 5
1942 51 13 52 10 50 5
1943 51 12 52 10 50 6
1944 51 12 52 10 50 5
1945 51 12 52 10 50 5
# Clase 51 domino por 309 generaciones
1946 52 12 51 12 50 5
1947 51 12 52 11 50 4
1948 51 11 52 11 50 4
1949 51 11 52 10 50 6
1950 51 12 52 10 50 4
1951 51 12 52 10 50 5
1952 51 11 52 10 50 7
1953 51 13 52 10 50 5
1954 51 13 52 9 50 5
1955 51 13 52 9 50 5
1956 51 12 52 9 50 4
1957 51 13 52 9 50 5
1958 51 13 52 9 50 5
1959 51 12 52 10 50 5
1960 51 13 52 9 50 4
1961 51 12 52 10 50 4
1962 51 12 52 9 50 4
1963 51 13 52 9 50 4
1964 51 12 52 10 50 4
1965 51 12 52 10 50 4
1966 51 12 52 10 50 4
1967 51 11 52 10 50 4
1968 51 12 52 10 50 4
1969 51 12 52 10 50 4
1970 51 11 52 10 50 4
1971 51 11 52 10 50 4
1972 51 12 52 10 50 4
1973 51 11 52 9 53 4
1974 51 12 52 10 50 4
1975 51 11 52 10 50 4
1976 51 11 52 10 53 3
1977 51 11 52 10 50 4
# Clase 51 domino por 31 generaciones
1978 52 11 51 11 50 4
1979 51 11 52 11 50 4
1980 51 11 52 11 50 4
1981 51 11 52 11 50 4
# Clase 51 domino por 3 generaciones
1982 52 11 51 11 50 4
1983 52 13 51 10 50 4
1984 52 12 51 10 50 4
1985 52 11 51 10 50 4
1986 52 12 51 9 53 4
1987 52 12 51 9 53 4
1988 52 12 51 9 50 4
1989 52 11 51 10 53 4
1990 52 12 51 10 53 4
1991 52 11 51 10 53 4
1992 52 11 51 9 53 4
1993 52 11 51 9 53 4
1994 52 12 51 9 53 4
1995 52 11 51 9 53 4
1996 52 12 51 10 53 4
1997 52 12 51 10 53 4
1998 52 11 51 10 53 4
1999 52 11 51 9 53 4
2000 52 11 51 9 53 4
2001 52 12 51 10 53 4
2002 52 10 51 10 53 4
2003 52 10 51 10 53 4
2004 52 10 51 10 53 4
# Clase 52 domino por 23 generaciones
2005 51 10 52 10 53 4
2006 51 10 52 10 53 4
2007 51 10 52 10 53 5
# Clase 51 domino por 3 generaciones
2008 52 10 51 9 53 4
2009 52 11 51 8 115 5
2010 52 12 51 10 50 4
2011 52 12 51 10 49 4
2012 52 12 51 10 50 4
2013 52 12 51 10 50 5
2014 52 10 51 8 50 4
2015 52 12 51 10 50 5
2016 52 13 51 10 50 5
2017 52 13 51 9 50 5
2018 52 11 51 8 50 4
2019 52 12 51 9 50 5
2020 52 12 51 9 50 5
2021 52 12 51 11 50 5
2022 52 12 51 9 50 5
2023 52 13 51 9 50 5
2024 52 13 51 9 50 5
2025 52 12 51 9 50 5
2026 52 13 51 9 50 5
2027 52 13 51 10 50 5
2028 52 13 51 10 50 5
2029 52 13 51 9 50 5
2030 52 13 51 9 50 5
2031 52 13 51 9 50 5
2032 52 13 51 9 50 4
2033 52 12 51 10 50 5
2034 52 13 51 10 50 5
2035 52 13 51 9 50 4
2036 52 12 51 10 50 5
2037 52 12 51 9 50 5
2038 52 12 51 9 50 5
2039 52 12 51 10 50 5
2040 52 12 51 9 50 5
2041 52 12 51 10 50 5
2042 52 12 51 9 50 5
2043 52 12 51 10 50 5
2044 52 12 51 10 50 5
2045 52 12 51 9 50 5
2046 52 12 51 10 50 5
2047 52 11 51 9 50 5
2048 52 12 51 10 50 5
2049 52 12 51 10 50 5
2050 52 12 51 10 50 5
2051 52 12 51 10 50 6
2052 52 12 51 10 50 5
2053 52 11 51 9 53 5
2054 52 12 51 10 50 6
2055 52 12 51 9 50 6
2056 52 13 51 9 50 5
2057 52 12 51 9 50 6
2058 52 12 51 10 50 5
2059 52 12 51 10 50 6
2060 52 12 51 10 50 6
2061 52 12 51 10 50 6
2062 52 12 51 10 50 6
2063 52 12 51 10 50 6
2064 52 11 51 10 50 6
2065 52 12 51 9 50 6
2066 52 12 51 9 50 6
2067 52 12 51 9 50 6
2068 52 12 51 9 50 6
2069 52 13 51 9 50 5
2070 52 13 51 9 50 5
2071 52 13 51 9 50 6
2072 52 13 51 9 50 5
2073 52 13 51 8 50 5
2074 52 11 51 8 50 5
2075 52 13 51 8 50 6
2076 52 12 51 9 50 5
2077 52 13 51 8 50 5
2078 52 13 51 9 50 5
2079 52 13 51 9 50 4
2080 52 13 51 9 53 5
2081 52 13 51 8 50 5
2082 52 13 51 8 50 5
2083 52 11 51 8 53 8
2084 52 12 51 9 53 5
2085 52 13 51 9 53 5
2086 52 12 51 9 53 5
2087 52 12 51 9 50 6
2088 52 13 51 10 53 5
2089 52 13 51 9 53 5
2090 52 14 51 9 50 5
2091 52 14 51 9 50 4
2092 52 14 51 9 50 5
2093 52 13 51 9 50 5
2094 52 14 51 9 53 4
2095 52 13 51 9 53 5
2096 52 13 51 9 53 4
2097 52 13 51 9 53 4
2098 52 14 51 9 50 5
2099 52 13 51 9 50 4
2100 52 13 51 9 50 4
2101 52 13 51 10 53 4
2102 52 13 51 10 53 4
2103 52 13 51 11 53 4
2104 52 13 51 11 53 4
2105 52 13 51 10 53 4
2106 52 13 51 10 53 4
2107 52 12 51 10 53 4
2108 52 13 51 10 53 4
2109 52 12 51 10 50 4
2110 52 12 51 11 53 4
2111 52 12 51 10 53 4
2112 52 12 51 10 53 5
2113 52 12 51 10 53 4
2114 52 12 51 10 53 4
2115 52 12 51 10 53 5
2116 52 12 51 10 53 4
2117 52 12 51 10 50 4
2118 52 12 51 9 53 5
2119 52 12 51 9 53 5
2120 52 12 51 9 53 5
2121 52 12 51 9 53 4
2122 52 12 51 9 53 4
2123 52 13 51 9 53 5
2124 52 13 51 9 53 4
2125 52 12 51 9 53 4
2126 52 12 51 9 53 4
2127 52 11 51 9 50 5
2128 52 12 51 9 53 4
2129 52 12 51 10 50 4
2130 52 13 51 9 50 5
2131 52 12 51 9 50 5
2132 52 12 51 9 50 4
2133 52 13 51 9 53 4
2134 52 11 51 8 53 5
2135 52 12 51 8 53 4
2136 52 12 51 8 53 5
2137 52 12 51 7 53 5
2138 52 13 51 7 53 5
2139 52 13 51 7 53 5
2140 52 11 51 7 53 5
2141 52 12 51 6 53 5
2142 52 12 51 7 53 5
2143 52 12 51 7 53 5
2144 52 13 51 7 53 5
2145 52 13 51 6 53 5
2146 52 13 51 7 53 5
2147 52 13 51 7 53 5
2148 52 13 51 7 53 5
2149 52 12 51 7 53 5
2150 52 11 51 9 53 4
2151 52 13 51 8 53 5
2152 52 13 51 8 53 5
2153 52 14 51 8 53 5
2154 52 13 51 8 53 5
2155 52 13 51 8 53 5
2156 52 13 51 8 53 5
2157 52 12 51 8 53 5
2158 52 12 51 9 53 5
2159 52 12 51 9 53 5
2160 52 12 51 8 53 5
2161 52 12 51 8 53 5
2162 52 12 51 8 53 5
2163 52 13 51 8 53 5
2164 52 13 51 8 53 5
2165 52 13 51 8 53 5
2166 52 13 51 7 53 4
2167 52 13 51 8 53 5
2168 52 12 51 8 53 5
2169 52 12 51 8 53 5
2170 52 13 51 8 53 5
2171 52 12 51 8 53 6
2172 52 13 51 8 53 5
2173 52 12 51 7 53 5
2174 52 12 51 8 53 5
2175 52 12 51 8 53 5
2176 52 12 51 8 53 5
2177 52 12 51 9 53 6
2178 52 12 51 8 53 6
2179 52 11 51 7 53 5
2180 52 12 51 8 53 5
2181 52 11 51 9 53 5
2182 52 12 51 8 53 5
2183 52 11 51 7 53 7
2184 52 12 51 8 53 5
2185 52 12 51 8 53 5
2186 52 12 51 8 53 5
2187 52 12 51 8 53 5
2188 52 12 51 8 53 5
2189 52 12 51 8 53 5
2190 52 11 51 8 53 5
2191 52 11 51 8 53 5
2192 52 12 51 8 53 6
2193 52 12 51 7 53 5
2194 52 11 51 8 53 6
2195 52 10 51 8 53 6
2196 52 10 51 7 53 6
2197 52 10 51 7 53 7
2198 52 11 51 7 53 7
2199 52 9 53 6 51 6
2200 52 10 51 6 53 6
2201 52 10 51 7 53 7
2202 52 10 53 7 51 7
2203 52 10 53 7 51 7
2204 52 10 53 7 51 7
2205 52 11 53 7 51 6
2206 52 10 51 7 53 7
2207 52 10 53 7 51 7
2208 52 10 53 7 51 7
2209 52 10 53 7 51 7
2210 52 9 53 7 51 7
2211 52 10 53 7 51 7
2212 52 11 53 7 51 7
2213 52 10 53 7 51 7
2214 52 10 53 7 51 7
2215 52 11 51 7 53 7
2216 52 10 53 7 51 6
2217 52 10 53 7 51 6
2218 52 10 53 8 51 6
2219 52 10 53 8 51 6
2220 52 9 53 7 51 6
2221 52 9 53 6 51 6
2222 52 8 53 8 51 5
2223 52 9 53 7 51 6
2224 52 9 53 7 51 6
2225 52 9 53 7 51 6
2226 52 10 53 7 51 6
2227 52 9 53 7 51 6
2228 52 9 53 7 51 6
2229 52 9 53 7 51 6
2230 52 10 53 7 51 6
2231 52 8 53 7 50 6
2232 52 9 53 7 51 7
2233 52 9 53 7 51 7
2234 52 9 53 7 51 7
2235 52 8 53 7 51 7
2236 52 8 53 6 51 6
2237 52 9 53 7 51 6
# Clase 52 domino por 230 generaciones
2238 50 9 52 7 53 6
2239 50 9 52 7 51 6
2240 50 8 52 7 51 6
# Clase 50 domino por 3 generaciones
2241 52 7 50 7 53 7
2242 50 10 52 6 53 6
2243 50 11 52 5 53 5
2244 50 12 52 5 53 5
2245 50 9 52 6 53 6
2246 50 10 52 7 51 6
2247 50 14 52 5 53 5
2248 50 17 52 4 53 4
2249 50 22 52 6 51 5
2250 50 29 52 3 51 2
2251 50 35 51 2 52 2
2252 50 37 52 2 51 1
2253 50 37 51 2 52 1
2254 50 38 51 1 52 1
2255 50 36 51 2 52 1
2256 50 32 51 1 52 1
2257 50 36 49 1 48 1
2258 50 35 49 1 48 1
2259 50 31 102 2 48 1
2260 50 30 48 2 49 1
2261 50 30 48 2 49 1
2262 50 26 48 5 49 1
2263 50 26 48 5 49 1
2264 50 29 48 4 49 1
2265 50 28 48 5 49 1
2266 50 28 48 4 49 1
2267 50 30 48 2 49 1
2268 50 27 48 4 49 1
2269 50 27 48 4 51 2
2270 50 36 48 3 49 2
2271 50 27 48 4 49 1
2272 50 27 48 5 49 1
2273 50 42 48 5 49 2
2274 50 26 48 5 49 1
2275 50 27 48 4 49 1
2276 50 29 48 3 100 3
2277 50 27 48 4 49 1
2278 50 28 48 4 49 2
2279 50 34 48 4 51 2
2280 50 26 48 4 51 2
2281 50 26 48 5 51 2
2282 50 26 48 5 51 2
2283 50 26 48 4 51 2
2284 50 27 48 4 51 2
2285 50 25 48 4 51 2
2286 50 27 48 4 51 2
2287 50 32 48 4 51 3
2288 50 25 48 4 51 2
2289 50 26 48 5 51 2
2290 50 37 48 5 51 3
2291 50 25 48 6 49 2
2292 50 27 48 5 49 2
2293 50 32 48 5 49 2
2294 50 25 48 5 49 2
2295 50 26 48 4 49 2
2296 50 25 48 6 49 2
2297 50 25 48 5 49 2
2298 50 26 48 4 49 2
2299 50 25 48 5 49 3
2300 50 25 48 4 49 2
2301 50 26 48 3 49 3
2302 50 24 48 5 49 3
2303 50 25 48 4 49 3
2304 50 32 48 3 49 3
2305 50 24 48 5 49 3
2306 50 25 48 5 49 3
2307 50 27 48 4 49 3
2308 50 24 48 5 49 3
2309 50 24 48 4 49 3
2310 50 30 48 4 49 3
2311 50 23 48 4 49 3
2312 50 26 48 5 49 3
2313 50 25 48 5 49 3
2314 50 24 48 4 49 3
2315 50 25 48 5 49 4
2316 50 23 48 4 49 3
2317 50 24 48 4 49 4
2318 50 28 49 5 48 4
2319 50 23 48 6 49 4
2320 50 25 48 5 49 4
2321 50 24 48 5 49 4
2322 50 23 48 5 49 4
2323 50 25 48 5 49 4
2324 50 23 48 5 49 3
2325 50 24 48 5 49 4
2326 50 29 48 6 49 5
2327 50 22 48 6 49 3
2328 50 24 48 6 49 4
2329 50 23 48 5 49 4
2330 50 22 48 5 49 4
2331 50 27 48 5 49 4
2332 50 22 48 7 49 4
2333 50 23 48 6 49 4
2334 50 24 48 6 49 4
2335 50 20 48 6 51 4
2336 50 23 48 6 49 4
2337 50 22 48 6 49 4
2338 50 21 48 6 49 4
2339 50 27 48 6 49 5
2340 50 21 48 7 49 4
2341 50 22 48 6 49 5
2342 50 21 48 6 49 4
2343 50 21 48 6 49 4
2344 50 22 48 6 49 5
2345 50 21 48 6 49 4
2346 50 21 48 6 49 5
2347 50 25 48 7 49 5
2348 50 21 48 6 49 4
2349 50 23 48 6 49 4
2350 50 21 48 6 49 4
2351 50 21 48 6 49 5
2352 50 22 48 6 49 5
2353 50 20 48 7 49 5
2354 50 22 48 6 49 5
2355 50 20 48 6 49 5
2356 50 20 48 6 49 5
2357 50 21 48 6 49 5
2358 50 20 48 7 49 5
2359 50 21 48 6 49 5
2360 50 22 48 6 49 5
2361 50 19 48 6 49 6
2362 50 20 48 6 49 6
2363 50 20 48 7 49 5
2364 50 20 48 7 49 5
2365 50 22 48 7 49 5
2366 50 20 48 7 49 6
2367 50 21 48 6 49 6
2368 50 20 48 6 49 5
2369 50 19 48 6 49 6
2370 50 21 48 6 49 6
2371 50 18 48 7 49 6
2372 50 19 49 7 48 6
2373 50 19 48 8 49 5
2374 50 18 48 7 49 6
2375 50 19 49 6 48 6
2376 50 18 48 7 49 6
2377 50 18 48 7 49 7
2378 50 18 48 7 49 6
2379 50 18 49 7 48 6
2380 50 18 49 6 48 6
2381 50 18 49 7 48 6
2382 50 18 49 7 48 6
2383 50 18 49 7 48 6
2384 50 17 49 7 48 6
2385 50 17 49 7 48 5
2386 50 17 49 7 48 5
2387 50 18 49 7 48 5
2388 50 18 49 6 48 5
2389 50 17 49 7 48 5
2390 50 17 49 7 48 6
2391 50 18 49 8 48 5
2392 50 17 49 7 48 6
2393 50 16 49 8 48 5
2394 50 16 49 8 48 5
2395 50 17 49 7 48 5
2396 50 16 49 7 48 5
2397 50 15 49 8 48 5
2398 50 15 49 7 48 5
2399 50 16 49 8 48 6
2400 50 16 49 8 48 5
2401 50 16 49 8 48 5
2402 50 15 49 8 48 5
2403 50 15 49 8 48 5
2404 50 16 49 7 48 5
2405 50 16 49 8 48 5
2406 50 15 49 7 48 5
2407 50 16 49 8 48 5
2408 50 15 49 8 51 4
2409 50 15 49 8 51 4
2410 50 15 49 9 51 4
2411 50 16 49 8 48 4
2412 50 15 49 8 51 5
2413 50 16 49 8 51 5
2414 50 15 49 8 51 5
2415 50 16 49 8 51 5
2416 50 16 49 8 51 5
2417 50 15 49 8 51 5
2418 50 15 49 8 51 5
2419 50 15 49 8 51 5
2420 50 15 49 8 51 5
2421 50 15 49 7 51 5
2422 50 15 49 8 51 5
2423 50 15 49 7 51 5
2424 50 14 49 9 51 5
2425 50 15 49 8 51 5
2426 50 14 49 8 51 4
2427 50 14 49 8 51 5
2428 50 14 49 7 51 5
2429 50 14 49 7 48 4
2430 50 15 49 8 51 5
2431 50 14 49 7 51 5
2432 50 13 49 7 51 5
2433 50 15 49 8 51 5
2434 50 13 49 8 51 5
2435 50 14 49 7 51 5
2436 50 14 49 8 51 5
2437 50 13 49 7 51 5
2438 50 14 49 7 51 6
2439 50 13 49 8 51 5
2440 50 13 49 7 51 6
2441 50 14 49 7 51 6
2442 50 14 49 7 51 6
2443 50 13 49 7 51 6
2444 50 13 49 8 51 6
2445 50 12 49 8 51 7
2446 50 13 49 8 51 6
2447 50 12 49 7 51 6
2448 50 12 49 9 51 6
2449 50 12 51 8 49 8
2450 50 12 49 7 51 7
2451 50 12 49 8 51 8
2452 50 12 49 8 51 8
2453 50 12 51 8 49 8
2454 50 11 51 8 49 8
2455 50 11 51 8 49 8
2456 50 11 51 8 49 7
2457 50 10 51 10 49 7
2458 50 11 51 9 49 7
2459 50 11 51 9 49 8
2460 50 11 51 9 49 7
2461 50 11 51 8 49 7
2462 50 11 51 9 49 7
2463 50 11 51 9 49 8
2464 50 10 51 9 49 7
2465 50 11 51 9 49 7
2466 50 10 51 9 49 8
# Clase 50 domino por 225 generaciones
2467 51 10 50 9 49 7
2468 50 10 51 8 49 7
2469 50 10 51 9 49 7
2470 50 10 51 8 49 7
2471 50 10 51 9 49 8
2472 50 10 51 8 49 8
2473 50 10 51 9 49 8
2474 50 9 51 8 49 8
2475 50 9 51 9 49 7
2476 50 9 51 9 49 8
# Clase 50 domino por 9 generaciones
2477 51 9 50 9 49 8
2478 50 9 51 9 49 7
2479 51 9 50 9 49 8
2480 51 9 50 8 49 8
2481 51 9 50 8 49 8
2482 51 9 49 8 50 8
2483 51 9 49 8 50 8
2484 51 9 49 8 50 8
2485 51 9 49 8 50 8
2486 51 9 49 8 50 7
2487 51 9 49 8 50 8
2488 51 9 49 8 50 7
2489 51 9 49 8 50 7
2490 51 9 49 7 50 7
2491 51 9 49 8 50 7
2492 51 8 49 8 50 7
2493 51 9 50 8 49 7
2494 51 8 49 7 50 7
2495 51 9 49 7 50 7
2496 51 9 50 7 49 7
2497 51 9 49 8 50 7
2498 51 8 49 8 50 6
2499 51 9 50 7 49 7
2500 51 8 49 7 50 7
2501 51 9 49 7 50 7
2502 51 9 50 7 49 7
2503 51 10 49 8 50 7
2504 51 9 49 8 50 7
2505 51 9 50 7 49 7
2506 51 9 49 7 50 7
2507 51 8 49 8 50 7
2508 51 9 49 7 50 7
2509 51 9 49 7 50 7
2510 51 9 49 8 50 6
2511 51 10 50 7 49 7
2512 51 10 49 7 50 7
2513 51 9 49 8 50 7
2514 51 10 50 8 49 7
2515 51 9 49 7 50 7
2516 51 10 49 7 50 6
2517 51 10 49 7 50 6
2518 51 10 50 7 49 6
2519 51 9 49 7 50 7
2520 51 9 49 7 50 7
2521 51 9 50 7 49 6
2522 51 9 49 7 50 7
2523 51 9 49 7 50 7
2524 51 9 50 7 49 6
2525 51 9 49 7 50 6
2526 51 9 50 7 49 7
2527 51 9 50 7 49 6
2528 51 8 50 7 49 6
2529 51 9 50 7 49 6
2530 51 9 50 7 49 6
2531 51 9 50 7 49 6
2532 51 8 50 7 49 7
2533 51 8 50 6 49 6
2534 51 9 50 7 49 6
2535 51 9 49 7 50 6
2536 51 8 49 6 50 6
2537 51 8 50 7 49 5
2538 51 8 50 7 49 6
2539 51 8 50 6 49 6
2540 51 8 50 8 49 6
# Clase 51 domino por 62 generaciones
2541 50 8 51 8 49 6
2542 51 7 49 7 50 7
2543 50 7 51 7 49 6
2544 50 8 51 7 49 6
# Clase 50 domino por 2 generaciones
2545 51 7 50 7 49 6
2546 51 8 50 7 49 6
2547 51 8 50 7 49 5
2548 51 8 50 7 49 6
2549 51 8 50 7 49 5
2550 51 8 50 7 49 5
# Clase 51 domino por 6 generaciones
2551 50 8 51 7 49 6
2552 51 8 50 7 49 6
2553 50 9 51 7 49 5
2554 50 7 51 7 49 7
2555 50 8 51 7 49 7
2556 50 9 51 7 52 6
2557 50 8 51 7 49 7
2558 50 8 51 7 49 7
2559 50 8 51 7 49 5
2560 50 8 51 7 49 6
2561 50 8 51 8 49 6
2562 50 9 51 7 52 6
2563 50 8 51 7 49 6
2564 50 8 51 7 49 6
2565 50 9 51 7 49 6
2566 50 9 51 7 49 6
2567 50 9 49 6 51 6
2568 50 9 51 7 49 6
2569 50 10 49 6 51 6
2570 50 9 49 6 51 6
2571 50 9 49 6 51 6
2572 50 9 49 7 51 6
2573 50 9 49 7 51 6
2574 50 8 49 6 51 6
2575 50 9 49 6 51 6
2576 50 9 49 7 51 6
2577 50 9 51 7 49 6
2578 50 9 51 7 49 6
2579 50 9 49 7 51 7
2580 50 9 49 7 51 7
2581 50 9 51 7 49 6
2582 50 9 49 7 51 6
2583 50 9 49 7 51 6
2584 50 9 49 7 51 6
2585 50 9 49 7 51 7
2586 50 8 49 7 51 6
2587 50 8 49 7 51 7
2588 50 9 49 7 51 6
2589 50 9 49 7 51 7
2590 50 10 49 6 51 6
2591 50 10 49 7 51 6
2592 50 9 49 7 51 7
2593 50 9 51 7 49 6
2594 50 10 51 7 49 6
2595 50 10 49 7 51 7
2596 50 9 49 6 51 6
2597 50 9 51 7 49 6
2598 50 9 49 7 51 7
2599 50 9 51 7 49 7
2600 50 9 51 7 49 6
2601 50 10 51 7 49 7
2602 50 9 51 7 49 7
2603 50 9 51 7 49 6
2604 50 9 51 8 49 6
2605 50 9 51 8 49 6
2606 50 9 51 7 49 6
2607 50 9 51 8 49 6
2608 50 9 51 8 49 6
2609 50 9 51 8 49 7
2610 50 8 51 8 49 6
2611 50 9 51 8 49 6
2612 50 8 51 8 49 7
2613 50 9 51 8 49 6
# Clase 50 domino por 61 generaciones
2614 51 9 50 8 49 6
2615 50 9 51 8 49 6
2616 50 8 51 8 49 6
2617 50 8 51 7 49 7
2618 50 8 51 8 49 7
# Clase 50 domino por 4 generaciones
2619 51 8 50 8 49 7
2620 51 8 50 7 49 7
2621 51 8 50 7 49 7
2622 51 8 50 8 49 7
# Clase 51 domino por 4 generaciones
2623 50 8 51 7 49 7
2624 49 8 50 8 51 7
2625 50 8 49 7 51 7
2626 50 8 49 7 51 7
# Clase 50 domino por 2 generaciones
2627 49 8 50 7 51 6
2628 50 8 49 7 51 6
2629 50 7 49 7 51 6
2630 50 8 49 7 51 7
2631 50 9 49 7 51 6
2632 50 8 51 7 49 6
2633 50 8 51 7 49 6
2634 50 8 49 7 51 6
2635 50 8 51 7 49 6
2636 50 9 51 6 49 6
2637 50 8 51 6 49 6
2638 50 8 49 6 51 6
2639 50 9 51 6 49 6
2640 50 9 51 7 49 6
2641 50 9 51 6 49 6
2642 50 9 51 6 49 6
2643 50 8 51 6 49 5
2644 50 9 51 6 49 6
2645 50 9 51 6 49 6
2646 50 9 49 6 51 6
2647 50 8 49 6 52 6
2648 50 9 49 7 51 6
2649 50 8 51 6 49 6
2650 50 9 49 7 51 6
2651 50 9 51 7 49 7
2652 50 9 49 6 51 6
2653 50 9 51 7 49 6
2654 50 9 51 7 49 6
2655 50 9 51 6 49 6
2656 50 9 51 6 49 6
2657 50 9 51 6 49 6
2658 50 8 51 6 49 6
2659 50 9 51 7 49 6
2660 50 9 51 7 49 6
2661 50 9 49 6 51 6
2662 50 9 51 7 49 6
2663 50 10 51 6 49 6
# Clase 50 domino por 36 generaciones
2664 51 8 50 8 49 6
2665 50 9 51 7 49 6
2666 50 9 51 7 49 6
2667 50 8 51 6 49 6
2668 50 9 51 7 49 6
2669 50 9 51 6 49 6
2670 50 8 51 7 49 6
2671 50 8 51 7 49 6
2672 50 9 51 7 49 6
2673 50 8 51 7 49 6
2674 50 9 51 7 49 6
2675 50 8 51 7 49 5
2676 50 8 51 7 49 5
2677 50 9 51 8 49 5
2678 50 9 51 7 49 5
# Clase 50 domino por 14 generaciones
2679 51 8 50 8 49 5
2680 50 8 51 8 49 5
2681 51 9 50 8 49 5
2682 51 8 50 7 49 5
2683 51 8 50 8 49 6
2684 51 9 50 8 49 6
# Clase 51 domino por 4 generaciones
2685 50 8 51 7 49 6
2686 51 8 50 8 49 5
2687 51 8 50 7 49 6
2688 51 8 50 8 49 6
2689 51 8 50 8 49 6
# Clase 51 domino por 4 generaciones
2690 50 8 51 8 49 6
2691 50 9 51 8 49 5
2692 50 8 51 8 49 5
2693 50 9 51 8 49 6
2694 50 8 51 8 52 6
2695 50 9 51 7 49 6
2696 50 8 51 7 49 5
2697 50 8 51 7 52 6
2698 50 6 51 6 52 6
2699 50 7 52 6 51 6
# Clase 50 domino por 10 generaciones
2700 52 7 50 7 51 6
2701 50 6 51 6 52 6
2702 52 7 51 6 50 6
2703 52 7 50 7 51 6
2704 52 7 51 7 50 6
2705 52 7 50 6 51 5
2706 52 7 50 6 51 6
2707 52 8 51 6 50 6
2708 52 7 51 6 50 6
2709 52 8 50 6 51 5
2710 52 6 51 5 50 5
2711 52 8 50 5 51 5
2712 52 7 50 6 51 6
2713 52 8 51 6 50 6
2714 52 6 53 6 50 5
2715 52 8 50 5 51 4
2716 52 7 50 6 51 6
2717 52 7 51 5 50 5
# Clase 52 domino por 16 generaciones
2718 50 6 52 6 51 5
2719 52 7 50 5 51 5
2720 52 9 51 5 50 4
2721 52 9 51 5 50 4
2722 52 6 51 5 50 5
2723 52 7 51 6 50 5
2724 52 7 51 6 50 5
2725 52 7 51 6 50 5
2726 52 7 51 6 50 5
2727 52 6 51 6 50 5
2728 52 7 51 6 50 5
2729 52 6 51 5 50 5
2730 52 6 51 5 50 5
2731 52 7 51 5 50 5
2732 52 7 51 6 50 6
2733 52 7 50 5 51 5
2734 52 6 51 5 50 5
2735 52 7 51 5 50 5
2736 52 6 51 5 50 5
2737 52 7 51 5 50 4
2738 52 7 51 6 50 4
2739 52 7 51 6 50 4
2740 52 7 51 6 50 4
# Clase 52 domino por 22 generaciones
2741 51 6 52 6 53 5
2742 52 6 51 6 50 4
2743 52 6 51 6 53 4
2744 52 7 51 5 54 4
2745 52 6 51 5 54 4
2746 52 7 51 6 54 4
2747 52 7 51 5 54 4
2748 52 6 51 5 54 4
2749 52 7 51 5 54 4
2750 52 7 51 5 54 4
2751 52 6 51 5 53 4
2752 52 6 51 5 53 4
2753 52 7 51 5 53 4
2754 52 5 51 5 54 4
# Clase 52 domino por 13 generaciones
2755 51 7 52 5 53 4
2756 52 6 51 4 49 3
2757 51 6 52 5 53 4
2758 51 6 52 5 50 4
# Clase 51 domino por 2 generaciones
2759 52 6 51 5 53 4
2760 52 6 51 5 53 4
# Clase 52 domino por 2 generaciones
2761 51 5 52 5 53 4
2762 52 5 51 5 53 4
2763 51 5 52 5 53 4
2764 52 5 51 5 53 4
2765 51 5 52 5 53 4
2766 52 5 51 5 53 4
2767 52 5 51 5 53 4
2768 52 6 51 5 53 4
2769 52 5 51 5 53 3
2770 52 5 51 4 53 4
2771 52 5 51 4 53 3
# Clase 52 domino por 6 generaciones
2772 51 5 52 4 50 4
2773 53 5 51 4 50 3
2774 51 5 52 4 50 4
2775 51 5 53 4 52 4
2776 51 5 50 4 53 4
2777 51 4 53 4 52 4
2778 51 4 53 4 50 4
2779 51 5 53 4 50 4
2780 51 4 53 4 50 4
2781 51 4 53 4 52 4
2782 51 5 53 4 50 3
2783 51 4 53 4 50 4
2784 51 4 50 4 53 4
2785 51 4 53 4 50 3
2786 51 4 53 4 52 4
# Clase 51 domino por 13 generaciones
2787 53 6 51 4 50 3
2788 51 4 129 4 53 4
2789 53 4 51 4 50 3
2790 53 4 51 4 50 4
2791 53 4 51 4 50 4
2792 53 5 50 4 51 3
2793 53 5 51 4 50 4
2794 53 5 51 4 50 3
2795 53 5 51 4 52 3
2796 53 4 51 4 52 3
2797 53 5 51 4 50 3
2798 53 5 51 4 52 3
2799 53 5 52 4 51 4
2800 53 5 52 4 51 3
2801 53 5 51 4 52 4
# Clase 53 domino por 13 generaciones
2802 55 6 53 4 51 4
2803 53 5 51 4 52 3
2804 53 5 51 4 50 3
2805 53 5 51 4 54 3
2806 53 5 51 4 52 3
2807 53 5 51 4 52 3
2808 53 5 51 4 52 3
2809 53 6 51 4 49 3
2810 53 5 50 5 51 3
2811 53 5 51 4 50 4
2812 53 5 51 4 49 4
2813 53 5 50 4 51 3
2814 53 5 51 3 49 3
2815 53 5 49 3 51 3
2816 53 5 51 4 50 3
2817 53 5 50 4 49 3
2818 53 5 50 4 49 3
2819 53 5 50 3 49 3
2820 53 5 50 4 49 3
2821 53 5 50 3 49 3
2822 53 5 50 4 51 4
2823 53 5 50 4 51 3
2824 53 5 50 3 51 3
2825 53 5 50 3 51 3
2826 53 5 51 4 50 4
2827 53 5 50 4 51 3
2828 53 5 50 4 51 3
2829 53 5 50 3 51 3
2830 53 5 51 3 50 3
2831 53 5 51 4 50 4
2832 53 5 51 3 50 3
2833 53 5 51 4 50 4
2834 53 5 50 4 51 3
2835 53 5 56 5 51 4
2836 53 5 51 4 50 3
2837 53 6 50 4 51 4
2838 53 6 50 4 51 4
2839 53 6 50 4 51 4
2840 53 6 51 4 50 4
2841 53 5 51 4 56 4
2842 53 6 51 4 56 4
2843 53 5 51 4 56 3
2844 53 5 51 4 56 4
2845 53 5 51 4 56 4
2846 53 4 51 4 56 4
2847 53 4 51 4 56 3
# Clase 53 domino por 45 generaciones
2848 50 5 51 4 53 3
2849 53 5 51 4 50 3
2850 53 5 51 4 50 4
2851 53 5 50 4 56 3
2852 53 4 51 4 56 3
2853 53 4 51 4 55 3
2854 53 4 51 4 55 3
2855 53 4 51 4 55 3
2856 53 4 56 4 51 3
# Clase 53 domino por 8 generaciones
2857 51 4 53 4 56 3
2858 53 4 51 3 56 3
2859 55 4 53 4 54 4
2860 53 4 56 4 51 3
2861 53 4 55 4 51 3
2862 53 5 51 4 56 4
2863 53 4 55 4 56 4
2864 53 4 54 3 51 3
2865 53 5 55 4 51 4
2866 53 5 51 4 55 4
2867 53 5 55 4 51 3
2868 53 5 55 4 51 3
2869 53 5 55 4 56 3
2870 53 5 55 4 56 3
2871 53 5 55 4 56 3
2872 53 5 55 4 56 3
2873 53 5 55 4 56 4
2874 53 5 55 4 56 4
# Clase 53 domino por 15 generaciones
2875 55 6 53 5 56 3
2876 53 5 55 4 51 3
2877 53 5 55 5 50 3
2878 53 5 55 4 50 4
2879 53 6 55 5 56 4
2880 53 5 55 4 57 3
2881 53 5 55 5 57 3
2882 53 6 55 4 51 3
2883 53 5 55 4 50 4
2884 53 5 55 5 51 3
2885 53 5 55 5 57 4
2886 53 5 55 4 57 4
2887 53 5 55 5 57 4
# Clase 53 domino por 12 generaciones
2888 55 4 53 4 57 3
2889 55 5 53 5 51 4
2890 55 5 53 4 57 4
2891 55 5 53 4 57 4
2892 55 5 53 4 57 4
2893 55 5 53 4 51 3
2894 55 5 53 4 51 3
2895 55 5 53 4 51 3
2896 55 4 53 4 57 3
2897 55 4 47 4 53 3
2898 55 4 53 4 47 4
# Clase 55 domino por 11 generaciones
2899 47 5 55 4 53 3
2900 55 4 53 4 47 4
2901 55 4 53 4 47 4
# Clase 55 domino por 2 generaciones
2902 47 4 55 4 53 4
2903 47 5 55 4 57 4
2904 47 4 55 4 57 3
2905 47 5 55 4 53 3
2906 47 5 51 4 56 3
2907 47 6 55 4 53 3
2908 47 6 55 4 53 3
2909 47 6 55 4 53 3
2910 47 5 55 4 50 3
2911 47 5 55 4 53 3
2912 47 6 55 4 53 3
2913 47 5 55 4 53 3
2914 47 6 53 3 55 3
2915 47 6 53 3 55 3
2916 47 7 53 4 55 3
2917 47 8 53 3 55 3
2918 47 7 53 3 55 3
2919 47 7 53 3 55 3
2920 47 8 53 4 50 3
2921 47 8 53 3 55 3
2922 47 8 53 3 50 3
2923 47 8 53 3 50 3
2924 47 7 53 3 50 3
2925 47 9 53 3 46 3
2926 47 5 46 3 53 3
2927 47 7 53 3 46 3
2928 47 7 53 3 46 3
2929 47 6 46 5 53 3
2930 47 6 46 5 53 3
2931 47 8 46 5 53 3
2932 47 8 46 5 53 3
2933 47 10 46 7 53 3
2934 47 10 46 8 53 3
# Clase 47 domino por 33 generaciones
2935 46 10 47 9 53 3
2936 47 9 46 7 53 3
2937 47 11 46 6 53 3
2938 47 11 46 6 53 3
2939 47 11 46 9 53 3
2940 47 11 46 9 53 4
# Clase 47 domino por 5 generaciones
2941 46 9 47 9 53 3
2942 46 9 47 8 53 3
# Clase 46 domino por 2 generaciones
2943 47 10 46 9 53 2
2944 47 10 46 9 53 3
2945 47 10 46 9 53 3
2946 47 9 46 8 53 3
# Clase 47 domino por 4 generaciones
2947 46 9 47 8 53 4
2948 47 9 46 8 53 3
2949 47 11 46 7 53 3
2950 47 11 46 6 53 4
2951 47 11 46 7 53 3
2952 47 10 46 6 53 3
2953 47 11 46 8 53 4
2954 47 10 46 7 53 3
2955 47 10 46 7 53 3
2956 47 10 46 6 53 2
2957 47 11 46 5 53 3
2958 47 13 46 6 53 2
2959 47 12 46 6 53 2
2960 47 11 46 7 53 2
2961 47 11 46 7 53 3
2962 47 11 46 6 53 3
2963 47 11 46 6 53 3
2964 47 11 46 7 52 2
2965 47 11 46 6 52 2
2966 47 11 46 5 52 2
2967 47 11 46 5 52 2
2968 47 10 46 5 52 2
