#exp = 1.2
#define BG_MUTATION_RATE 20000
#define CPU_MUTATION_RATE 10000
#define COPY_MUTATION_RATE 7000
#define GENOMA_SAVE_RATE 100
#define SEARCH_LIMIT 400
0 80 37 160 1 79 1
1 80 37 81 1 79 1
2 80 43 79 3 160 1
3 80 45 79 1 78 1
4 80 38 81 1 79 1
5 80 35 81 6 150 1
6 80 37 81 3 163 1
7 80 33 77 3 81 1
8 80 28 238 3 81 3
9 80 32 79 2 81 1
10 80 28 79 3 204 2
11 80 41 204 5 79 1
12 80 33 204 11 205 1
# Clase 80 domino por 13 generaciones
13 204 18 80 16 205 2
14 204 15 80 13 205 4
15 204 19 80 13 82 3
16 204 24 80 8 205 4
17 204 30 205 6 80 5
18 204 23 80 4 205 4
19 204 25 205 6 202 5
20 204 21 205 11 202 7
21 204 17 205 10 202 7
22 204 14 205 13 202 8
# Clase 204 domino por 10 generaciones
23 205 15 204 12 202 6
24 205 24 204 6 202 5
25 205 26 204 10 202 6
26 205 23 204 8 202 6
27 205 13 204 7 203 5
28 205 14 204 8 203 6
29 205 18 203 5 301 4
30 205 21 204 4 203 4
31 205 28 203 4 204 2
32 205 38 203 6 206 2
33 205 29 204 5 203 2
34 205 20 204 9 81 3
35 205 19 204 8 81 3
36 205 21 204 15 206 2
# Clase 205 domino por 14 generaciones
37 204 18 205 15 203 4
38 204 14 205 8 80 4
39 204 18 205 12 203 5
# Clase 204 domino por 3 generaciones
40 205 21 204 14 203 5
41 205 16 204 12 203 5
# Clase 205 domino por 2 generaciones
42 204 14 205 14 203 6
43 204 16 205 10 203 7
44 204 22 203 12 205 7
45 204 16 203 12 205 4
46 204 18 203 8 205 5
# Clase 204 domino por 5 generaciones
47 203 17 204 16 205 6
48 204 20 203 16 205 6
49 204 23 203 11 205 3
50 204 16 203 11 80 2
51 204 27 203 8 206 3
52 204 27 203 6 206 3
53 204 24 203 8 284 2
54 204 21 203 11 284 3
55 204 19 203 6 284 2
56 204 14 203 7 285 4
57 204 23 203 8 285 5
58 204 21 203 11 285 4
59 204 23 203 9 202 4
60 204 23 203 10 285 2
61 204 31 203 13 285 2
62 204 23 203 12 202 2
63 204 21 203 8 202 3
64 204 25 202 4 203 4
65 204 36 202 6 203 4
66 204 21 202 8 203 8
67 204 12 202 6 205 5
68 204 16 205 11 203 6
69 204 15 203 12 205 6
# Clase 204 domino por 22 generaciones
70 203 11 205 8 204 8
71 203 16 204 9 205 8
72 203 18 204 10 226 8
73 203 15 226 7 204 4
74 203 15 226 9 205 3
75 203 18 226 11 205 5
76 203 28 205 7 204 6
77 203 31 205 7 204 4
78 203 24 205 7 204 4
79 203 19 205 6 204 3
80 203 26 205 7 204 6
81 203 21 250 7 205 2
82 203 25 250 4 204 4
83 203 41 250 3 205 2
84 203 38 202 3 250 3
85 203 37 202 4 201 1
86 203 26 202 4 249 1
87 203 32 202 11 204 2
88 203 34 202 11 204 1
89 203 31 202 9 201 1
90 203 19 202 9 204 2
91 203 21 202 15 204 4
# Clase 203 domino por 22 generaciones
92 202 21 203 13 204 3
93 202 31 203 8 201 6
94 202 33 203 12 201 1
95 202 33 203 11 201 2
96 202 25 203 6 201 2
97 202 38 203 4 201 3
98 202 40 203 4 201 4
99 202 32 203 7 201 4
100 202 28 203 4 201 2
101 202 35 203 8 201 3
102 202 36 203 6 201 4
103 202 32 201 5 203 4
104 202 28 203 6 279 3
105 202 33 203 5 79 1
106 202 39 203 8 201 2
107 202 33 203 9 201 4
108 202 32 203 3 201 2
109 202 29 203 3 201 1
110 202 28 203 8 285 3
111 202 33 203 8 285 4
112 202 33 203 7 285 4
113 202 35 203 5 79 1
114 202 27 203 6 204 1
115 202 22 203 7 201 2
116 202 35 203 5 201 2
117 202 38 203 7 201 2
118 202 29 203 6 201 2
119 202 26 322 6 203 6
120 202 36 203 8 201 3
121 202 28 203 11 201 2
122 202 26 203 8 201 2
123 202 27 203 11 79 1
124 202 33 203 11 201 3
125 202 36 203 6 274 2
126 202 27 203 3 274 2
127 202 38 203 6 274 3
128 202 36 203 6 274 2
129 202 34 203 8 201 2
130 202 29 203 9 201 3
131 202 19 203 11 201 2
132 202 30 203 18 201 5
133 202 28 203 17 201 3
134 202 18 203 12 211 4
135 202 18 203 10 211 9
136 202 22 211 13 203 7
137 202 29 203 10 211 8
138 202 28 203 8 211 3
139 202 27 203 7 211 3
140 202 26 203 9 225 1
141 202 31 203 8 225 3
142 202 34 203 12 225 3
143 202 35 203 9 225 2
144 202 33 203 9 211 2
145 202 25 203 4 211 1
146 202 43 203 7 201 1
147 202 43 203 5 201 2
148 202 31 203 4 79 2
149 202 30 203 4 201 1
150 202 45 203 5 201 1
151 202 41 201 4 203 3
152 202 41 203 5 201 4
153 202 38 203 6 201 2
154 202 23 203 3 79 3
155 202 35 203 5 79 2
156 202 38 161 5 203 3
157 202 31 362 4 203 4
158 202 25 203 4 161 3
159 202 22 203 5 201 2
160 202 30 203 8 395 3
161 202 24 203 12 201 2
162 202 26 203 9 201 3
163 202 25 203 2 201 2
164 202 42 201 3 203 2
165 202 33 203 3 201 2
166 202 32 203 3 160 1
167 202 45 203 3 201 2
168 202 46 281 2 201 1
169 202 38 201 1 281 1
170 202 31 160 2 203 2
171 202 27 201 5 160 1
172 202 32 201 5 203 2
173 202 35 203 6 201 3
174 202 28 203 2 201 2
175 202 35 203 4 201 2
176 202 37 203 6 201 1
177 202 33 203 8 201 1
178 202 27 203 7 201 2
179 202 38 203 3 201 2
180 202 31 203 2 201 2
181 202 35 201 4 279 2
182 202 35 279 7 203 2
183 202 29 279 13 203 5
184 202 27 279 14 203 6
185 202 21 279 15 203 5
186 202 11 279 9 278 7
# Clase 202 domino por 95 generaciones
187 279 11 278 9 280 7
188 279 14 278 10 280 7
189 279 13 278 11 280 6
# Clase 279 domino por 3 generaciones
190 278 13 279 12 280 9
191 278 13 279 10 280 8
192 278 13 279 10 280 8
193 278 16 279 9 280 6
194 278 17 279 10 280 6
195 278 13 279 9 280 5
196 278 12 279 10 280 6
197 278 11 279 9 280 8
# Clase 278 domino por 8 generaciones
198 279 9 278 8 280 4
199 279 10 278 7 280 6
200 279 7 278 5 280 4
201 279 8 278 4 277 4
202 279 11 281 6 277 4
203 279 12 277 5 278 3
204 279 14 277 6 278 5
205 279 16 278 6 280 5
206 279 12 280 6 278 5
207 279 11 278 5 280 4
208 279 10 278 7 355 6
209 279 9 355 8 295 6
210 279 10 295 7 355 6
211 279 14 295 7 183 6
212 279 16 295 6 183 6
213 279 23 183 5 280 2
214 279 25 278 5 183 4
215 279 22 278 6 183 4
216 279 28 280 5 278 4
217 279 30 280 8 278 6
218 279 22 280 6 278 4
219 279 19 280 12 278 6
220 279 22 280 17 278 4
# Clase 279 domino por 23 generaciones
221 280 11 279 9 281 6
222 279 11 280 10 281 7
223 279 11 280 10 281 6
224 279 17 280 15 281 5
225 279 17 280 12 281 3
226 279 13 280 9 278 3
227 279 13 280 8 278 2
228 279 11 280 8 278 5
229 279 11 280 9 278 4
230 279 10 280 6 359 4
231 279 9 359 5 280 4
232 279 8 359 4 281 4
233 279 7 282 4 280 4
234 279 7 282 3 281 3
235 279 5 280 4 281 2
236 279 4 280 3 281 2
237 279 3 360 3 281 3
238 279 4 357 4 358 3
239 279 4 83 2 280 2
# Clase 279 domino por 18 generaciones
240 83 3 279 3 280 2
241 284 4 83 4 279 3
242 279 4 83 3 284 3
243 83 4 279 3 284 3
244 279 3 83 3 80 3
245 79 3 83 3 80 3
246 79 4 279 4 83 3
247 79 4 80 3 279 3
248 79 5 81 4 80 3
# Clase 79 domino por 4 generaciones
249 81 4 79 4 80 4
250 79 5 81 4 80 4
251 80 5 79 5 81 5
252 81 5 80 4 79 4
253 80 5 81 4 79 4
254 80 5 81 5 79 4
255 80 5 81 4 79 4
256 80 5 81 5 79 4
# Clase 80 domino por 4 generaciones
257 81 5 80 5 78 4
258 81 5 80 4 79 4
# Clase 81 domino por 2 generaciones
259 80 6 81 5 79 4
260 80 4 81 4 79 4
261 80 6 81 5 79 4
262 80 5 81 4 79 4
263 80 7 78 5 81 4
264 80 6 81 4 78 4
265 80 6 79 5 81 4
266 80 5 78 5 81 4
267 80 7 78 4 81 4
# Clase 80 domino por 9 generaciones
268 78 5 80 5 81 4
269 80 7 78 4 81 4
270 80 6 78 5 81 5
# Clase 80 domino por 2 generaciones
271 81 6 80 5 78 4
272 80 6 81 5 78 5
273 81 6 80 5 78 5
274 80 6 81 4 78 4
275 80 5 81 4 78 4
276 80 6 81 4 82 3
277 80 5 81 4 79 4
# Clase 80 domino por 4 generaciones
278 81 5 82 4 78 4
279 81 6 80 5 82 4
280 81 5 80 5 78 5
# Clase 81 domino por 3 generaciones
281 80 6 81 5 79 4
282 80 5 79 5 81 5
283 80 5 78 5 81 5
# Clase 80 domino por 3 generaciones
284 79 6 80 6 78 4
285 79 6 80 5 78 5
# Clase 79 domino por 2 generaciones
286 80 6 79 5 81 5
287 79 6 80 6 81 4
288 81 5 79 5 80 5
289 80 5 79 5 81 4
290 80 5 81 5 79 4
291 80 5 79 5 78 4
292 80 4 79 4 81 3
293 80 5 79 4 81 4
294 80 4 79 4 81 4
295 80 4 79 3 81 3
296 80 5 79 4 104 3
297 80 4 104 4 108 3
# Clase 80 domino por 9 generaciones
298 104 4 79 4 108 4
299 104 5 108 4 105 3
300 104 5 108 4 109 4
301 104 6 105 5 108 4
302 104 5 105 5 108 4
303 104 6 105 5 108 4
304 104 6 108 5 105 4
# Clase 104 domino por 7 generaciones
305 105 4 104 4 108 4
306 105 5 104 5 108 4
307 105 6 108 5 104 5
308 105 6 108 4 104 4
309 105 7 108 5 102 4
310 105 6 108 6 106 4
311 105 6 108 5 101 3
312 105 7 108 5 103 4
313 105 6 104 4 101 4
314 105 6 108 4 103 4
315 105 5 103 4 102 3
316 105 5 102 5 106 4
# Clase 105 domino por 12 generaciones
317 102 6 106 5 105 4
318 102 6 105 4 106 3
319 102 7 106 3 105 3
320 102 7 105 6 96 3
321 102 8 105 6 96 4
322 102 6 97 4 99 3
323 102 6 100 4 99 4
324 102 6 100 5 97 5
# Clase 102 domino por 8 generaciones
325 97 7 100 6 95 5
326 97 10 100 7 99 5
327 97 13 100 6 96 4
328 97 11 100 8 95 6
329 97 8 100 8 99 6
# Clase 97 domino por 5 generaciones
330 100 7 97 6 95 4
331 100 8 97 7 99 5
# Clase 100 domino por 2 generaciones
332 97 10 100 9 95 5
333 97 10 100 7 95 6
# Clase 97 domino por 2 generaciones
334 100 9 97 8 103 5
335 100 7 97 6 95 4
336 100 9 98 8 97 5
# Clase 100 domino por 3 generaciones
337 98 9 100 9 99 5
338 100 10 98 8 97 7
339 100 9 98 8 97 8
# Clase 100 domino por 2 generaciones
340 97 8 98 7 100 7
341 97 10 98 8 100 6
342 97 10 98 8 99 6
343 97 11 98 10 100 6
344 97 9 98 8 100 5
345 97 12 98 10 99 6
346 97 11 98 8 96 5
347 97 10 98 8 99 4
348 97 11 98 8 99 6
349 97 8 98 7 96 4
350 97 8 98 7 96 6
# Clase 97 domino por 11 generaciones
351 90 6 98 6 97 5
352 90 8 98 6 99 4
353 90 10 96 4 98 3
354 90 12 96 3 92 2
355 90 15 92 4 91 2
356 90 15 92 4 97 2
357 90 21 92 4 89 4
358 90 21 89 6 92 5
359 90 23 92 4 89 4
360 90 24 92 5 89 4
361 90 22 89 6 92 4
362 90 18 89 8 91 4
363 90 24 89 6 91 5
364 90 23 89 6 91 5
365 90 15 89 6 92 4
366 90 19 89 10 91 5
367 90 17 89 13 91 4
368 90 16 89 12 91 4
369 90 15 89 9 91 5
370 90 16 89 12 92 6
371 90 14 89 12 91 5
372 90 13 89 11 88 4
373 90 13 89 11 92 5
374 90 12 89 10 92 7
# Clase 90 domino por 24 generaciones
375 89 11 90 10 92 9
376 89 10 90 8 94 7
# Clase 89 domino por 2 generaciones
377 94 9 91 7 92 7
378 91 10 92 8 89 8
379 89 6 92 6 91 6
380 90 7 91 7 92 6
381 91 11 90 7 89 5
382 91 12 89 7 90 6
383 91 10 89 8 90 5
384 91 10 89 10 87 6
# Clase 91 domino por 4 generaciones
385 88 11 89 8 91 8
386 88 12 87 11 89 9
# Clase 88 domino por 2 generaciones
387 87 13 88 8 90 6
388 87 12 88 11 90 6
389 87 13 88 12 89 4
# Clase 87 domino por 3 generaciones
390 88 12 87 11 90 3
391 87 11 88 10 90 4
392 87 16 88 9 90 4
393 87 11 88 8 90 7
394 87 14 88 9 89 5
395 87 13 88 9 86 4
396 87 15 88 10 89 4
397 87 14 88 9 98 4
398 87 10 88 7 98 5
399 87 9 88 7 98 6
400 87 12 88 7 86 5
401 87 15 88 7 86 6
402 87 18 88 6 86 5
403 87 23 86 7 88 6
404 87 20 86 9 88 5
405 87 20 86 7 88 5
406 87 24 86 9 88 6
407 87 21 86 8 88 6
408 87 23 86 7 88 7
409 87 22 86 6 89 5
410 87 17 86 8 88 4
411 87 21 86 11 88 5
412 87 22 86 10 88 5
413 87 25 86 9 88 4
414 87 21 86 7 89 3
415 87 21 86 6 88 4
416 87 20 88 4 86 4
417 87 21 86 6 88 5
418 87 21 86 8 88 5
419 87 18 86 7 88 5
420 87 20 86 6 88 5
421 87 19 88 8 86 7
422 87 18 86 7 88 6
423 87 17 86 7 85 5
424 87 13 85 8 86 6
425 87 14 85 11 86 8
426 87 12 85 10 86 5
427 87 12 85 10 86 6
428 87 14 85 10 86 7
429 87 15 85 10 86 5
430 87 15 85 8 86 4
431 87 9 85 8 86 3
# Clase 87 domino por 41 generaciones
432 85 10 87 7 86 4
433 85 9 87 6 88 5
434 85 7 112 7 87 3
# Clase 85 domino por 3 generaciones
435 112 6 85 5 114 3
436 113 7 112 4 115 3
437 113 7 85 3 115 3
438 113 5 92 3 118 2
# Clase 113 domino por 3 generaciones
439 103 3 97 3 107 2
440 96 4 101 3 97 3
441 101 4 103 4 97 2
442 103 5 91 3 97 3
443 91 6 103 5 97 4
444 103 4 97 3 91 2
445 91 4 103 3 88 3
446 92 5 94 4 88 4
447 92 7 94 5 88 3
# Clase 92 domino por 2 generaciones
448 94 6 92 6 88 3
449 94 6 92 5 88 3
# Clase 94 domino por 2 generaciones
450 92 6 88 4 94 4
451 88 5 92 5 98 3
452 91 4 92 3 88 3
453 91 4 98 4 94 3
454 91 6 98 4 88 3
455 91 7 88 5 96 4
456 91 5 88 5 93 3
# Clase 91 domino por 5 generaciones
457 93 4 91 4 88 3
458 91 5 93 5 88 3
459 93 6 91 6 89 3
460 93 6 91 5 96 5
# Clase 93 domino por 2 generaciones
461 91 9 94 4 96 3
462 91 8 92 4 94 4
463 91 9 92 4 94 4
464 91 6 94 4 92 3
465 91 8 94 4 93 4
466 91 8 92 3 93 3
467 91 8 92 4 88 4
468 91 6 89 5 85 5
# Clase 91 domino por 8 generaciones
469 89 6 85 6 91 5
470 89 7 88 4 90 4
471 89 9 90 8 87 5
472 89 11 90 7 88 6
473 89 14 88 7 90 6
474 89 15 87 8 88 8
475 89 13 88 9 87 7
476 89 14 87 8 88 7
477 89 13 88 7 87 4
478 89 16 88 10 87 6
479 89 14 88 8 87 5
480 89 11 88 7 87 5
481 89 14 88 7 86 5
482 89 11 88 9 86 6
483 89 11 88 8 86 7
# Clase 89 domino por 15 generaciones
484 88 11 89 10 86 6
485 88 13 89 7 87 7
486 88 11 87 8 86 7
487 88 16 87 9 86 8
# Clase 88 domino por 4 generaciones
488 87 10 86 8 88 8
489 87 13 86 12 88 11
# Clase 87 domino por 2 generaciones
490 86 13 87 11 88 10
491 86 16 87 10 88 8
492 86 16 87 9 88 6
493 86 14 87 9 88 4
494 86 16 87 10 88 5
495 86 19 87 12 85 4
496 86 21 87 12 85 3
497 86 21 87 8 85 4
498 86 26 87 8 88 4
499 86 24 87 4 85 4
500 86 26 85 5 84 4
501 86 25 84 5 85 5
502 86 24 85 5 87 4
503 86 25 85 6 87 4
504 86 22 85 6 87 5
505 86 23 85 5 84 4
506 86 21 85 6 87 6
507 86 21 87 6 85 4
508 86 18 87 7 85 4
509 86 25 87 10 85 5
510 86 27 87 11 85 6
511 86 21 87 10 84 5
512 86 17 87 9 84 9
513 86 13 84 10 85 6
# Clase 86 domino por 24 generaciones
514 84 12 86 10 85 6
515 84 15 86 11 85 8
516 84 22 86 9 85 9
517 84 25 85 8 86 5
518 84 27 85 12 86 5
519 84 25 85 9 86 4
520 84 26 85 8 83 4
521 84 26 85 7 83 4
522 84 22 85 7 83 4
523 84 23 85 9 83 5
524 84 20 85 9 83 4
525 84 19 85 9 83 4
526 84 24 85 8 83 4
527 84 21 85 8 83 4
528 84 30 85 9 83 5
529 84 28 85 7 87 3
530 84 22 85 6 83 3
531 84 29 85 7 87 2
532 84 32 85 9 83 2
533 84 30 85 6 87 3
534 84 29 85 4 86 3
535 84 23 85 3 83 2
536 84 28 85 4 82 2
537 84 27 85 4 88 3
538 84 23 85 3 89 2
539 84 23 85 4 89 4
540 84 21 89 6 85 3
541 84 18 89 7 85 4
542 84 16 89 8 85 5
543 84 14 89 8 85 4
544 84 15 89 12 88 7
545 84 11 89 11 88 6
546 84 11 89 8 86 6
547 84 15 86 7 89 5
548 84 13 86 8 85 5
549 84 14 85 6 86 6
550 84 13 86 4 85 4
551 84 18 85 7 86 4
552 84 21 85 6 87 6
553 84 19 87 8 85 7
554 84 24 85 7 87 7
555 84 25 85 7 87 4
556 84 29 85 7 87 5
557 84 31 85 6 87 4
558 84 31 85 3 86 2
559 84 29 86 3 85 3
560 84 36 85 5 86 3
561 84 38 85 5 87 3
562 84 31 85 7 86 3
563 84 27 85 4 87 1
564 84 33 85 6 86 2
565 84 39 85 5 83 3
566 84 40 85 5 83 4
567 84 42 83 5 85 4
568 84 39 83 5 85 2
569 84 40 83 5 85 3
570 84 40 83 5 85 2
571 84 36 83 3 85 2
572 84 35 85 4 83 2
573 84 31 87 2 85 2
574 84 33 87 2 88 2
575 84 35 85 2 87 2
576 84 32 81 2 85 1
577 84 32 85 3 103 1
578 84 26 85 4 82 3
579 84 27 85 5 81 2
580 84 31 85 7 83 1
581 84 36 85 8 86 2
582 84 41 85 6 83 2
583 84 34 85 6 83 4
584 84 31 83 5 85 4
585 84 31 83 5 85 3
586 84 30 83 4 85 3
587 84 40 83 4 85 3
588 84 39 85 4 83 3
589 84 39 85 4 83 3
590 84 33 85 4 83 3
591 84 28 85 4 83 3
592 84 36 85 4 83 3
593 84 36 83 4 85 3
594 84 31 85 3 83 3
595 84 32 82 5 85 4
596 84 37 82 5 85 4
597 84 34 82 4 83 3
598 84 29 82 3 83 3
599 84 30 82 4 85 3
600 84 36 82 7 83 3
601 84 30 82 7 85 4
602 84 24 82 6 85 3
603 84 25 82 5 85 5
604 84 24 82 4 85 3
605 84 32 82 7 85 5
606 84 29 82 8 83 5
607 84 23 82 8 83 5
608 84 18 82 7 83 5
609 84 14 82 10 85 5
610 84 16 82 12 83 6
611 84 18 82 14 83 6
612 84 14 82 14 83 4
# Clase 84 domino por 99 generaciones
613 82 17 84 13 81 4
614 82 16 84 11 83 5
615 82 14 84 11 81 6
616 82 16 84 10 81 8
617 82 16 81 8 83 8
618 82 16 81 8 84 7
619 82 19 81 9 83 7
620 82 14 81 8 83 6
621 82 18 81 11 83 8
622 82 15 81 8 83 8
623 82 16 81 11 83 8
624 82 18 81 12 83 9
625 82 18 81 12 83 8
626 82 18 81 12 83 7
627 82 21 81 13 83 9
628 82 19 81 15 83 8
629 82 19 81 14 83 6
630 82 18 81 16 83 6
# Clase 82 domino por 18 generaciones
631 81 19 82 17 83 6
632 81 18 82 12 83 4
633 81 23 82 14 83 4
634 81 20 82 13 83 3
635 81 25 82 14 83 3
636 81 22 82 11 85 2
637 81 23 82 12 80 3
638 81 23 82 13 80 2
639 81 22 82 13 80 3
640 81 25 82 13 83 3
641 81 21 82 14 83 2
642 81 23 82 15 83 3
643 81 22 82 16 83 3
# Clase 81 domino por 13 generaciones
644 82 18 81 18 83 3
645 82 18 81 18 80 2
646 82 20 81 14 80 3
647 82 22 81 16 80 4
648 82 18 81 13 80 4
649 82 23 81 13 80 4
650 82 19 81 11 80 6
651 82 16 81 11 80 6
652 82 15 81 13 80 10
653 82 14 81 11 80 11
654 82 14 81 11 80 9
655 82 13 80 12 81 10
# Clase 82 domino por 12 generaciones
656 80 15 81 12 82 11
657 80 16 82 10 81 10
658 80 18 81 11 82 9
659 80 18 82 11 81 10
660 80 16 81 12 82 10
661 80 17 81 11 82 9
662 80 18 81 11 82 9
663 80 17 81 11 82 9
664 80 13 82 9 81 9
665 80 15 81 11 82 8
666 80 14 81 10 82 9
667 80 12 81 9 82 8
668 80 15 81 10 82 9
669 80 12 81 8 82 8
# Clase 80 domino por 14 generaciones
670 81 8 82 8 80 7
671 81 8 82 8 80 6
# Clase 81 domino por 2 generaciones
672 82 8 81 8 79 5
673 81 9 82 6 104 3
674 81 9 82 7 103 4
675 81 11 82 6 80 4
676 81 9 82 6 80 5
677 81 9 82 7 80 5
678 81 9 80 6 82 6
679 81 9 82 7 80 7
680 81 11 82 7 80 7
681 81 11 82 8 80 7
682 81 11 82 7 80 6
683 81 11 80 7 82 7
684 81 12 80 6 82 6
685 81 11 80 7 82 5
686 81 11 80 8 82 5
687 81 12 80 7 82 4
688 81 11 80 8 82 4
689 81 7 99 6 80 5
# Clase 81 domino por 17 generaciones
690 99 7 100 6 81 5
691 100 9 99 7 101 5
692 100 6 99 6 98 5
693 100 8 99 7 101 5
694 100 8 101 6 99 5
695 100 7 101 6 99 4
# Clase 100 domino por 5 generaciones
696 101 5 100 5 99 4
697 101 4 99 4 100 4
# Clase 101 domino por 2 generaciones
698 115 5 101 4 113 4
699 115 4 113 4 116 4
700 115 6 113 5 116 5
701 115 8 113 6 116 4
702 115 7 113 6 116 4
# Clase 115 domino por 5 generaciones
703 116 6 118 6 113 5
704 116 8 118 7 115 4
# Clase 116 domino por 2 generaciones
705 118 11 116 8 115 3
706 118 7 116 5 119 4
707 118 5 116 3 120 3
# Clase 118 domino por 3 generaciones
708 116 5 118 4 113 3
709 116 6 118 3 114 3
710 116 5 118 3 127 3
711 116 5 118 3 127 3
712 116 3 122 3 127 3
713 116 4 109 3 119 2
# Clase 116 domino por 6 generaciones
714 119 5 116 3 98 2
715 119 4 116 3 95 3
# Clase 119 domino por 2 generaciones
716 116 3 115 3 114 2
717 119 4 116 3 114 3
718 116 4 119 4 114 3
719 119 4 117 2 124 2
720 119 3 126 2 127 2
# Clase 119 domino por 2 generaciones
721 127 2 129 2 109 2
722 127 3 133 3 129 3
# Clase 127 domino por 2 generaciones
723 109 4 129 3 127 3
724 127 4 123 3 129 3
725 127 6 123 4 129 4
726 127 4 123 4 131 3
727 127 5 131 4 118 3
728 127 5 118 3 129 3
# Clase 127 domino por 5 generaciones
729 129 5 127 5 118 3
730 127 5 129 4 128 3
731 125 4 129 4 127 4
732 129 4 126 3 118 3
733 118 4 129 4 125 3
734 118 4 125 3 129 3
735 118 5 123 4 125 3
# Clase 118 domino por 3 generaciones
736 123 4 125 3 120 3
737 118 3 125 3 119 2
738 118 3 119 3 115 3
# Clase 118 domino por 2 generaciones
739 117 3 119 3 118 3
740 119 4 117 4 118 4
741 115 3 119 3 125 3
742 115 3 119 3 123 2
743 115 4 117 3 119 2
744 115 5 117 3 118 3
745 115 3 118 3 119 3
# Clase 115 domino por 5 generaciones
746 117 3 115 3 118 3
747 120 4 118 4 117 3
748 118 4 117 3 115 3
749 120 4 118 4 115 4
750 120 6 118 4 117 4
# Clase 120 domino por 2 generaciones
751 117 5 120 4 122 3
752 120 4 122 4 117 3
753 120 4 100 3 118 3
# Clase 120 domino por 2 generaciones
754 115 3 117 3 98 3
755 119 3 116 3 115 2
756 100 3 119 2 116 2
757 100 3 116 2 120 2
758 100 4 120 3 119 3
759 100 4 119 3 102 3
760 100 3 118 3 96 3
761 100 4 102 3 116 2
762 100 5 102 3 118 2
763 100 5 118 3 104 2
764 100 3 118 3 122 3
# Clase 100 domino por 9 generaciones
765 118 3 100 3 102 3
766 102 3 96 3 100 3
767 100 4 102 3 96 2
768 100 2 123 2 106 2
769 100 2 102 2 98 2
# Clase 100 domino por 3 generaciones
770 98 3 100 3 102 2
771 98 4 102 3 96 3
772 98 6 102 3 96 3
773 98 5 102 5 96 3
# Clase 98 domino por 4 generaciones
774 102 5 98 4 100 3
775 102 6 100 4 96 3
776 102 8 100 5 96 3
777 102 7 100 5 96 3
778 102 6 100 4 93 2
779 102 5 100 4 98 3
780 102 8 100 5 98 4
781 102 5 100 4 98 4
782 102 5 100 3 98 3
783 102 5 101 4 98 3
784 102 5 101 3 93 3
785 102 5 98 4 93 3
# Clase 102 domino por 12 generaciones
786 93 5 100 4 102 3
787 93 4 102 4 96 3
788 93 3 96 3 102 3
# Clase 93 domino por 3 generaciones
789 96 4 102 3 98 3
790 96 6 99 3 98 3
791 96 7 98 3 95 3
792 96 11 98 4 95 3
793 96 11 98 5 97 4
794 96 8 94 6 98 4
795 96 8 94 6 88 5
796 96 8 94 4 88 4
797 96 9 97 5 88 5
798 96 9 97 5 95 5
# Clase 96 domino por 10 generaciones
799 87 6 96 6 95 5
800 87 6 88 5 97 4
# Clase 87 domino por 2 generaciones
801 88 8 87 7 91 5
802 88 11 87 8 91 5
803 88 12 87 11 91 4
# Clase 88 domino por 3 generaciones
804 87 9 88 6 96 4
805 87 12 88 7 95 3
806 87 7 88 6 91 3
807 87 7 88 3 96 3
808 87 8 96 4 88 3
809 87 10 86 5 88 3
810 87 13 86 5 88 5
811 87 14 86 5 88 3
812 87 13 86 5 89 3
813 87 13 86 10 88 2
814 87 12 86 8 88 2
815 87 13 86 7 91 2
816 87 11 86 7 97 3
817 87 16 86 8 97 4
818 87 14 86 9 97 4
819 87 10 86 7 82 3
# Clase 87 domino por 16 generaciones
820 86 8 87 7 82 7
821 86 4 82 4 87 3
# Clase 86 domino por 2 generaciones
822 87 7 82 5 85 4
823 87 7 82 5 86 3
824 87 8 82 5 86 3
825 87 8 82 5 86 4
826 87 12 82 7 86 5
827 87 11 86 7 82 7
828 87 10 86 6 82 5
829 87 11 86 8 80 4
# Clase 87 domino por 8 generaciones
830 86 8 87 7 85 3
831 86 7 85 6 87 4
832 86 9 85 7 84 4
# Clase 86 domino por 3 generaciones
833 85 7 86 7 84 6
834 83 4 108 4 85 4
835 78 5 84 5 85 4
836 78 7 83 4 85 4
837 78 8 85 6 83 6
838 78 10 83 5 85 5
839 78 12 83 5 86 2
840 78 14 83 9 77 3
841 78 11 83 9 82 3
842 78 13 83 10 82 4
843 78 12 83 9 77 2
844 78 10 83 9 81 3
845 78 10 83 8 75 3
# Clase 78 domino por 11 generaciones
846 83 9 78 8 75 4
847 78 6 83 6 75 4
848 78 8 75 5 83 3
849 78 7 75 6 83 4
# Clase 78 domino por 3 generaciones
850 83 6 84 4 75 4
851 83 7 75 3 78 3
852 83 6 75 4 79 3
853 83 7 73 4 69 3
854 83 5 69 4 75 3
855 83 5 69 4 71 2
# Clase 83 domino por 6 generaciones
856 69 5 66 3 65 3
857 65 4 62 4 67 3
858 62 4 63 3 67 3
859 62 4 69 3 63 3
# Clase 62 domino por 2 generaciones
860 63 4 62 3 69 2
861 62 5 63 3 58 3
862 58 5 62 5 61 4
863 62 5 58 5 63 5
864 58 6 63 6 62 4
865 57 7 58 6 63 6
866 57 8 58 5 63 5
867 57 8 56 6 58 6
868 57 8 56 7 58 5
869 57 10 56 8 58 4
# Clase 57 domino por 5 generaciones
870 56 12 57 12 58 3
871 56 18 57 15 59 2
872 56 15 57 13 58 3
# Clase 56 domino por 3 generaciones
873 57 15 56 13 60 3
874 57 17 56 10 58 3
875 57 13 56 10 51 4
876 57 12 56 10 51 7
# Clase 57 domino por 4 generaciones
877 56 9 57 9 51 5
878 56 12 51 7 57 7
879 56 13 57 9 51 9
880 56 15 51 10 57 6
881 56 14 51 7 57 2
882 56 17 51 10 59 2
883 56 15 51 11 50 2
# Clase 56 domino por 7 generaciones
884 51 13 56 13 50 3
885 51 17 56 11 50 6
886 51 15 50 8 56 6
887 51 16 50 11 56 3
# Clase 51 domino por 4 generaciones
888 50 12 51 12 54 2
889 50 16 51 15 49 2
# Clase 50 domino por 2 generaciones
890 51 12 50 11 49 3
891 51 15 50 15 49 3
# Clase 51 domino por 2 generaciones
892 50 16 51 15 49 6
893 50 13 51 12 49 8
894 50 14 49 9 51 8
# Clase 50 domino por 3 generaciones
895 49 12 50 11 47 6
896 49 15 50 10 47 6
897 49 12 50 7 47 6
898 49 18 47 11 50 9
899 49 14 47 13 50 5
# Clase 49 domino por 5 generaciones
900 47 12 49 10 50 2
901 47 19 49 10 85 1
902 47 16 49 9 53 1
903 47 20 49 6 134 1
904 47 23 49 5 94 1
905 47 30 49 4 58 1
906 47 26 49 2 94 1
907 47 26 49 2 48 1
908 47 30 49 2 96 1
909 47 31 174 1 49 1
910 47 27 150 1 49 1
911 47 27 49 2 115 1
912 47 30 174 1 115 1
913 47 27 142 1 185 1
914 47 31 72 1 57 1
915 47 31 72 2 57 1
916 47 33 72 2 57 2
917 47 31 49 1 57 1
918 47 34 106 1 94 1
919 47 27 94 1 98 1
920 47 28 94 1 93 1
921 47 27 94 1 130 1
922 47 26 94 1 100 1
923 47 26 150 2 49 1
924 47 24 150 1 49 1
925 47 28 78 1 121 1
926 47 28 99 1 218 1
927 47 29 49 1 147 1
928 47 34 49 1 50 1
929 47 32 111 2 153 1
930 47 27 153 2 100 1
931 47 27 153 3 45 1
932 47 28 153 4 94 1
933 47 26 153 2 94 1
934 47 27 153 3 167 1
935 47 27 153 3 152 2
936 47 25 152 4 153 3
937 47 22 152 6 153 3
938 47 20 152 7 153 3
939 47 20 152 7 153 5
940 47 18 153 6 152 4
941 47 19 153 8 151 3
942 47 17 153 10 152 4
943 47 18 153 9 152 5
944 47 18 153 12 152 3
945 47 18 153 9 152 4
946 47 20 153 5 152 4
947 47 20 153 4 152 4
948 47 18 152 5 153 4
949 47 18 152 6 181 3
950 47 18 152 9 181 4
951 47 19 152 11 181 5
952 47 16 152 6 181 5
953 47 14 181 7 152 4
954 47 14 212 6 208 4
955 47 16 208 6 212 6
956 47 13 212 9 152 5
957 47 15 212 5 208 5
958 47 19 208 7 152 4
959 47 18 208 9 152 5
960 47 13 208 5 152 4
961 47 17 212 7 152 3
962 47 17 212 8 182 4
963 47 21 212 11 181 3
964 47 18 212 10 181 4
965 47 16 181 8 212 7
966 47 19 181 8 212 4
967 47 20 181 9 210 5
968 47 19 210 10 181 5
969 47 20 210 9 188 2
970 47 16 210 7 181 4
971 47 15 188 7 210 5
972 47 13 188 8 210 3
973 47 12 188 9 46 3
974 47 12 188 4 46 3
975 47 12 46 4 188 3
976 47 11 173 6 46 4
977 47 10 173 8 46 3
# Clase 47 domino por 78 generaciones
978 173 8 47 8 46 4
979 47 8 173 6 46 5
980 173 6 47 5 46 4
981 173 6 46 4 156 4
982 173 6 46 5 47 2
# Clase 173 domino por 3 generaciones
983 46 4 173 4 77 4
984 46 5 77 5 176 3
985 46 6 173 5 77 3
986 46 5 173 4 77 4
987 46 6 173 6 77 5
988 46 6 173 5 77 5
# Clase 46 domino por 6 generaciones
989 173 5 77 5 46 4
990 173 4 77 4 46 3
# Clase 173 domino por 2 generaciones
991 77 4 46 3 69 2
992 77 4 160 3 80 3
993 77 5 175 4 83 3
994 77 7 178 3 83 3
995 77 4 161 3 178 3
996 77 5 161 3 178 3
997 77 6 83 4 161 2
998 77 4 94 2 83 2
999 77 4 69 2 76 2
# Clase 77 domino por 9 generaciones
1000 74 4 77 3 178 2
1001 161 3 180 3 81 2
1002 161 5 180 3 181 3
1003 161 5 180 5 181 3
# Clase 161 domino por 3 generaciones
1004 164 4 180 4 74 3
1005 164 7 180 2 52 2
1006 164 9 83 2 196 1
1007 164 12 64 2 55 1
1008 164 12 64 3 59 2
1009 164 8 59 3 64 2
1010 164 4 57 3 51 2
# Clase 164 domino por 7 generaciones
1011 227 3 51 2 57 2
1012 283 3 52 2 64 1
1013 162 2 52 2 64 2
1014 83 4 52 2 64 2
1015 83 4 51 2 64 2
1016 83 2 64 2 55 2
1017 83 2 50 2 55 2
# Clase 83 domino por 4 generaciones
1018 55 2 51 2 83 2
1019 55 3 53 2 50 2
# Clase 55 domino por 2 generaciones
1020 53 3 50 2 104 2
1021 53 2 62 2 84 2
# Clase 53 domino por 2 generaciones
1022 50 3 53 2 58 2
1023 50 3 53 3 64 2
1024 50 3 86 2 177 2
# Clase 50 domino por 3 generaciones
1025 51 2 55 2 50 2
1026 54 4 51 4 50 3
1027 54 4 51 4 50 3
1028 54 6 51 4 50 2
1029 54 7 51 4 55 3
1030 54 8 53 5 51 4
# Clase 54 domino por 5 generaciones
1031 51 5 54 4 53 3
1032 54 6 51 5 53 4
1033 54 6 51 6 53 4
1034 54 6 51 5 53 4
1035 54 5 51 5 53 5
# Clase 54 domino por 4 generaciones
1036 51 7 53 6 54 4
1037 53 8 51 6 54 6
1038 51 8 53 7 54 4
1039 51 8 54 6 53 4
1040 51 8 54 5 53 4
1041 51 8 53 5 54 5
1042 51 7 53 6 54 5
1043 51 6 53 4 52 3
# Clase 51 domino por 6 generaciones
1044 53 6 51 6 52 4
1045 51 6 53 5 52 4
1046 53 7 51 6 52 5
1047 51 7 53 6 52 4
1048 51 8 52 4 127 3
1049 51 9 52 5 53 2
# Clase 51 domino por 3 generaciones
1050 52 7 51 6 53 2
1051 51 6 52 5 53 4
1052 52 5 51 5 53 3
1053 52 6 51 6 50 3
1054 52 7 51 5 50 2
1055 52 6 51 5 123 2
1056 52 7 51 6 123 3
1057 52 8 51 4 123 3
1058 52 5 123 5 86 3
1059 52 5 53 4 86 3
# Clase 52 domino por 8 generaciones
1060 86 4 53 3 51 3
1061 86 6 53 4 51 3
1062 86 5 53 4 51 3
# Clase 86 domino por 3 generaciones
1063 53 5 84 4 86 3
1064 53 5 86 3 84 3
# Clase 53 domino por 2 generaciones
1065 51 4 84 3 53 3
1066 84 4 53 4 51 3
1067 84 6 51 4 53 4
1068 84 8 51 4 53 4
1069 84 6 53 2 76 2
1070 84 4 53 3 191 1
1071 84 3 53 2 81 2
# Clase 84 domino por 6 generaciones
1072 79 2 92 2 67 2
1073 79 2 80 1 84 1
# Clase 79 domino por 2 generaciones
1074 80 2 84 2 82 2
1075 231 2 167 2 82 2
1076 76 2 194 1 82 1
1077 80 2 53 2 96 1
1078 152 5 90 2 70 1
1079 152 4 70 1 90 1
# Clase 152 domino por 2 generaciones
1080 81 2 82 1 79 1
1081 105 1 70 1 81 1
1082 79 2 52 2 93 1
1083 52 3 79 2 78 2
1084 78 3 52 3 61 2
1085 78 5 52 3 95 2
1086 78 4 86 3 52 2
# Clase 78 domino por 3 generaciones
1087 52 4 86 4 61 3
1088 52 4 61 3 86 3
# Clase 52 domino por 2 generaciones
1089 61 5 52 3 53 2
1090 52 4 61 3 59 2
1091 52 4 61 2 102 2
1092 52 4 61 3 104 1
1093 52 4 61 2 56 2
1094 52 7 90 2 110 2
1095 52 7 54 2 94 1
1096 52 6 54 2 53 1
1097 52 5 204 4 103 1
1098 52 5 50 2 103 2
1099 52 3 94 3 89 2
# Clase 52 domino por 10 generaciones
1100 57 2 52 2 55 2
1101 57 4 55 2 89 2
# Clase 57 domino por 2 generaciones
1102 55 3 57 3 50 3
1103 57 3 89 2 94 2
1104 55 2 94 2 54 2
1105 94 3 55 3 54 2
1106 55 3 94 2 54 2
1107 55 4 54 3 94 2
1108 55 6 54 3 94 2
# Clase 55 domino por 3 generaciones
1109 94 5 55 3 50 3
1110 94 9 55 3 97 3
1111 94 6 55 3 96 3
1112 94 3 55 3 50 2
# Clase 94 domino por 4 generaciones
1113 55 3 94 2 99 2
1114 99 3 55 3 94 2
1115 99 3 55 3 85 1
1116 99 2 95 2 55 2
1117 99 3 55 3 85 2
1118 99 3 172 2 95 2
# Clase 99 domino por 5 generaciones
1119 95 3 55 2 135 1
1120 95 3 135 2 55 1
1121 95 3 99 3 55 2
1122 95 6 99 3 55 3
1123 95 3 99 3 85 2
# Clase 95 domino por 5 generaciones
1124 55 3 53 1 57 1
1125 55 5 124 2 56 1
1126 55 5 56 2 142 1
# Clase 55 domino por 3 generaciones
1127 56 4 55 3 100 1
1128 56 5 55 3 89 2
1129 56 5 55 4 89 1
1130 56 5 55 4 52 2
1131 56 6 224 3 52 3
1132 56 8 126 3 52 2
1133 56 6 113 2 126 2
1134 56 8 180 2 55 1
1135 56 8 55 2 113 1
1136 56 10 55 3 113 2
1137 56 13 55 3 57 3
1138 56 8 108 2 131 1
1139 56 9 57 2 70 1
1140 56 11 55 2 53 2
1141 56 11 55 2 53 2
1142 56 14 53 3 58 3
1143 56 15 53 3 51 3
1144 56 13 53 4 51 3
1145 56 10 51 4 53 3
1146 56 8 55 4 51 3
1147 56 7 55 5 57 3
1148 56 8 55 4 51 2
1149 56 10 55 4 51 2
1150 56 10 55 4 51 2
1151 56 14 55 2 57 2
1152 56 13 116 2 55 2
1153 56 9 55 2 57 2
1154 56 9 57 4 116 3
1155 56 9 58 4 57 3
1156 56 7 58 5 57 4
1157 56 8 58 5 57 4
# Clase 56 domino por 31 generaciones
1158 58 7 56 7 54 4
1159 58 8 56 5 57 5
1160 58 8 56 4 57 4
1161 58 12 57 5 54 3
1162 58 9 57 4 54 3
1163 58 7 57 5 54 2
# Clase 58 domino por 6 generaciones
1164 57 6 55 3 58 3
1165 57 6 55 5 58 3
1166 57 6 58 4 55 4
1167 57 5 55 4 58 4
1168 57 5 55 5 58 4
1169 57 4 55 4 58 4
1170 57 4 55 4 58 3
# Clase 57 domino por 7 generaciones
1171 55 7 57 3 58 3
1172 55 6 58 3 54 2
1173 55 4 58 2 57 2
1174 55 2 136 2 58 1
1175 55 4 213 3 54 2
# Clase 55 domino por 5 generaciones
1176 54 3 55 2 58 1
1177 55 4 54 2 160 1
1178 55 6 54 2 107 1
1179 55 4 54 3 97 1
1180 55 2 189 2 54 1
1181 55 2 122 1 162 1
# Clase 55 domino por 5 generaciones
1182 250 2 228 1 55 1
1183 266 1 55 1 147 1
1184 130 1 141 1 106 1
1185 109 2 124 1 182 1
1186 163 1 125 1 161 1
1187 167 2 132 1 159 1
1188 63 1 110 1 170 1
1189 188 2 143 2 235 1
1190 194 1 175 1 145 1
1191 174 1 69 1 182 1
1192 191 3 214 2 116 1
1193 202 1 127 1 102 1
1194 202 2 168 1 263 1
# Clase 202 domino por 2 generaciones
1195 124 2 254 1 222 1
1196 220 2 153 1 155 1
1197 139 1 270 1 169 1
1198 160 1 103 1 175 1
1199 272 1 180 1 173 1
1200 272 1 182 1 148 1
# Clase 272 domino por 2 generaciones
1201 281 1 120 1 178 1
1202 149 2 113 1 161 1
1203 162 1 136 1 163 1
1204 174 1 171 1 95 1
1205 180 2 157 2 174 1
1206 106 1 46 1 62 1
1207 172 1 160 1 83 1
1208 290 2 237 1 96 1
1209 211 2 159 1 76 1
1210 258 2 209 1 88 1
1211 230 2 218 2 237 1
1212 227 2 123 1 53 1
1213 121 3 174 2 63 1
1214 132 1 190 1 227 1
1215 91 1 121 1 163 1
1216 180 1 131 1 125 1
1217 139 2 143 1 137 1
1218 150 1 157 1 178 1
1219 174 1 165 1 119 1
1220 178 2 228 1 112 1
1221 165 1 177 1 124 1
1222 73 1 115 1 255 1
1223 263 2 84 1 163 1
1224 331 1 203 1 107 1
1225 166 2 120 2 130 2
1226 174 1 168 1 150 1
1227 168 2 162 1 128 1
1228 131 1 117 1 97 1
1229 122 1 60 1 176 1
1230 71 1 96 1 300 1
1231 108 1 134 1 128 1
1232 321 2 139 1 147 1
1233 137 1 136 1 147 1
1234 311 1 210 1 349 1
1235 124 2 85 1 174 1
1236 152 2 264 2 125 1
1237 159 1 179 1 142 1
1238 159 2 109 2 145 1
# Clase 159 domino por 2 generaciones
1239 99 1 124 1 79 1
1240 200 1 211 1 168 1
1241 203 2 159 1 105 1
1242 89 2 152 1 103 1
1243 116 2 100 1 129 1
1244 101 1 70 1 182 1
1245 97 1 122 1 104 1
1246 162 1 158 1 152 1
1247 57 1 121 1 84 1
1248 65 1 164 1 126 1
1249 151 3 192 1 146 1
1250 126 1 165 1 192 1
1251 167 1 218 1 195 1
1252 244 2 167 1 65 1
1253 198 1 169 1 296 1
1254 173 1 72 1 79 1
1255 173 1 133 1 153 1
# Clase 173 domino por 2 generaciones
1256 189 1 186 1 203 1
1257 184 2 148 1 139 1
1258 155 2 192 1 128 1
1259 77 2 75 1 246 1
1260 84 1 341 1 242 1
1261 162 1 77 1 91 1
1262 279 2 114 1 33 1
1263 160 2 73 1 35 1
1264 161 2 224 1 155 1
1265 97 2 125 1 233 1
1266 172 1 48 1 101 1
1267 223 1 174 1 79 1
1268 175 2 192 1 164 1
1269 174 2 167 2 119 1
1270 106 1 146 1 141 1
1271 283 3 115 3 296 1
1272 153 1 86 1 89 1
1273 189 3 247 1 107 1
1274 193 2 160 2 229 1
1275 203 1 161 1 185 1
1276 133 1 146 1 236 1
1277 153 1 171 1 254 1
1278 153 2 174 1 138 1
# Clase 153 domino por 2 generaciones
1279 126 1 213 1 175 1
1280 193 1 191 1 127 1
1281 134 2 159 2 283 1
1282 170 1 315 1 108 1
1283 77 1 304 1 135 1
1284 108 1 73 1 81 1
1285 82 1 68 1 76 1
1286 218 1 118 1 116 1
1287 112 1 116 1 144 1
1288 212 2 70 1 106 1
1289 190 1 184 1 129 1
1290 181 3 97 1 135 1
1291 119 1 143 1 181 1
1292 139 1 155 1 120 1
1293 168 1 158 1 151 1
1294 69 1 109 1 162 1
1295 198 1 81 1 221 1
1296 45 1 241 1 85 1
1297 159 2 205 1 182 1
1298 118 2 183 2 120 1
1299 142 1 69 1 120 1
1300 177 2 89 1 77 1
1301 45 1 135 1 162 1
1302 95 1 250 1 203 1
1303 101 1 137 1 124 1
1304 93 2 163 1 190 1
1305 80 1 77 1 254 1
1306 166 2 180 2 92 1
1307 195 2 169 1 144 1
1308 106 1 75 1 66 1
1309 180 2 66 1 183 1
1310 131 1 160 1 224 1
1311 164 1 160 1 67 1
1312 130 2 170 2 53 1
1313 146 1 164 1 85 1
1314 164 2 117 2 105 1
1315 123 2 92 1 165 1
1316 147 1 143 1 106 1
1317 154 1 128 1 81 1
1318 148 2 178 2 156 2
1319 161 2 186 2 63 2
1320 98 1 180 1 87 1
1321 42 1 180 1 82 1
1322 162 1 68 1 103 1
1323 79 2 148 1 149 1
1324 186 2 156 1 168 1
1325 200 2 132 1 107 1
1326 114 2 175 1 182 1
1327 64 1 130 1 104 1
1328 118 2 268 1 248 1
1329 296 2 188 1 232 1
1330 90 1 286 1 88 1
1331 94 2 207 1 184 1
1332 94 2 194 1 130 1
# Clase 94 domino por 2 generaciones
1333 210 1 300 1 122 1
1334 241 3 216 2 96 2
1335 280 3 77 1 115 1
1336 267 2 144 2 147 1
1337 121 2 211 1 155 1
1338 194 1 257 1 164 1
1339 210 1 189 1 114 1
1340 115 1 137 1 219 1
1341 154 2 127 1 165 1
1342 168 2 241 2 154 1
1343 193 4 153 1 180 1
1344 108 2 148 1 180 1
1345 200 1 169 1 71 1
1346 102 1 197 1 155 1
1347 221 2 112 1 175 1
1348 232 1 200 1 147 1
1349 220 3 96 1 213 1
1350 142 2 82 1 128 1
1351 141 2 142 2 267 1
1352 193 2 182 2 158 1
1353 219 2 224 2 168 1
1354 189 2 262 1 240 1
1355 146 2 131 1 66 1
1356 226 1 153 1 148 1
1357 49 1 211 1 188 1
1358 240 3 49 2 248 1
1359 124 1 150 1 52 1
1360 192 2 112 1 133 1
1361 264 2 113 1 57 1
1362 280 1 209 1 160 1
1363 76 1 61 1 44 1
1364 234 2 109 2 53 1
1365 125 1 169 1 108 1
1366 154 1 90 1 128 1
1367 137 2 153 1 96 1
1368 127 1 45 1 98 1
1369 157 2 134 2 70 1
1370 164 2 166 1 141 1
1371 58 1 180 1 204 1
1372 169 1 58 1 95 1
1373 241 2 182 1 116 1
1374 76 1 49 1 235 1
1375 142 1 124 1 203 1
1376 108 2 161 2 144 1
1377 103 2 158 1 215 1
1378 204 1 115 1 191 1
1379 42 1 222 1 159 1
1380 94 1 158 1 63 1
1381 153 1 99 1 148 1
1382 102 1 153 1 88 1
1383 107 1 155 1 180 1
1384 187 1 150 1 46 1
1385 112 2 107 1 185 1
1386 49 1 183 1 89 1
1387 106 1 120 1 54 1
1388 104 1 180 1 266 1
1389 169 1 236 1 70 1
1390 127 1 205 1 190 1
1391 99 1 124 1 120 1
1392 149 1 95 1 202 1
1393 113 1 138 1 56 1
1394 99 1 101 1 80 1
1395 220 1 217 1 122 1
1396 99 1 139 1 60 1
1397 95 2 151 1 207 1
1398 106 1 44 1 78 1
1399 92 1 245 1 224 1
1400 159 2 221 1 39 1
1401 145 2 214 1 66 1
1402 230 3 76 1 155 1
1403 174 2 96 1 206 1
1404 236 1 78 1 103 1
1405 119 2 232 1 185 1
1406 121 1 119 1 215 1
1407 72 1 186 1 65 1
1408 132 2 101 1 70 1
1409 83 1 199 1 257 1
1410 76 1 56 1 177 1
1411 175 1 262 1 322 1
1412 127 2 156 2 231 1
1413 267 1 126 1 304 1
1414 219 2 92 1 202 1
1415 184 2 95 2 220 1
1416 93 1 257 1 87 1
1417 95 1 161 1 98 1
1418 107 2 132 1 41 1
1419 223 2 40 2 44 1
1420 59 2 191 1 74 1
1421 59 1 54 1 111 1
# Clase 59 domino por 2 generaciones
1422 161 2 70 1 49 1
1423 171 1 204 1 123 1
1424 49 1 159 1 123 1
1425 58 1 170 1 56 1
1426 86 1 61 1 217 1
1427 69 1 227 1 161 1
1428 246 1 112 1 129 1
1429 64 2 134 1 155 1
1430 244 2 121 1 164 1
1431 96 1 118 1 129 1
1432 184 2 123 1 94 1
1433 102 1 158 1 171 1
1434 102 1 214 1 100 1
# Clase 102 domino por 2 generaciones
1435 164 1 188 1 172 1
1436 155 1 115 1 197 1
1437 161 2 80 1 176 1
1438 230 1 229 1 99 1
1439 94 1 186 1 56 1
1440 177 2 71 1 86 1
1441 189 1 114 1 218 1
1442 94 2 142 1 98 1
1443 126 1 206 1 115 1
1444 89 1 222 1 136 1
1445 96 1 110 1 205 1
1446 141 2 203 1 82 1
1447 190 1 168 1 75 1
1448 155 1 151 1 72 1
1449 172 1 93 1 92 1
1450 140 2 94 1 183 1
1451 105 2 179 1 81 1
1452 145 2 131 1 194 1
1453 133 1 105 1 75 1
1454 235 2 275 1 97 1
1455 134 1 150 1 139 1
1456 124 2 164 2 219 1
1457 168 3 159 1 191 1
1458 197 1 168 1 142 1
1459 169 1 234 1 141 1
1460 193 1 76 1 107 1
1461 161 1 85 1 216 1
1462 163 2 242 1 237 1
1463 111 1 117 1 226 1
1464 224 2 227 1 234 1
1465 104 2 177 1 118 1
1466 122 2 127 1 176 1
1467 258 1 194 1 193 1
1468 216 1 148 1 122 1
1469 140 2 112 1 113 1
1470 228 1 89 1 146 1
1471 107 2 298 1 201 1
1472 209 1 130 1 156 1
1473 139 1 240 1 91 1
1474 162 1 49 1 178 1
1475 223 1 149 1 138 1
1476 130 1 51 1 194 1
1477 140 2 192 1 55 1
1478 195 2 146 1 196 1
1479 212 1 122 1 166 1
1480 247 2 123 1 48 1
1481 163 1 207 1 160 1
1482 254 1 160 1 234 1
1483 283 2 233 1 222 1
1484 139 2 131 2 171 1
1485 137 1 231 1 151 1
1486 151 2 146 2 121 1
1487 101 2 180 1 176 1
1488 194 1 104 1 198 1
1489 198 1 196 1 52 1
1490 198 1 270 1 170 1
# Clase 198 domino por 2 generaciones
1491 299 1 222 1 277 1
1492 226 1 177 1 259 1
1493 102 1 178 1 331 1
1494 97 2 62 1 123 1
1495 178 2 142 1 188 1
1496 144 2 188 1 68 1
1497 86 1 261 1 185 1
1498 177 1 102 1 134 1
1499 294 1 90 1 95 1
1500 179 2 124 2 151 1
1501 192 2 153 2 57 2
1502 181 2 176 1 188 1
1503 157 1 122 1 161 1
1504 108 1 118 1 105 1
1505 59 2 191 1 115 1
1506 226 1 157 1 266 1
1507 255 2 60 1 76 1
1508 159 1 115 1 151 1
1509 214 3 75 2 48 1
1510 187 4 212 2 238 2
1511 252 4 50 2 284 2
1512 107 1 167 1 212 1
1513 272 2 190 2 187 1
1514 94 1 46 1 160 1
1515 172 1 166 1 89 1
1516 182 1 107 1 180 1
1517 254 1 168 1 89 1
1518 291 2 48 1 186 1
1519 113 1 177 1 172 1
1520 66 1 221 1 155 1
1521 190 2 108 1 192 1
1522 163 2 221 1 149 1
1523 146 2 138 1 235 1
1524 151 1 148 1 147 1
1525 137 1 57 1 169 1
1526 192 1 72 1 193 1
1527 219 2 123 2 230 1
1528 121 2 175 1 118 1
1529 147 2 56 1 121 1
1530 245 2 285 1 165 1
1531 115 2 185 1 217 1
1532 180 2 236 2 173 1
1533 201 2 200 1 79 1
1534 146 2 237 1 223 1
1535 223 1 219 1 188 1
1536 253 1 138 1 238 1
1537 227 1 200 1 92 1
1538 150 1 217 1 260 1
1539 289 1 168 1 194 1
1540 225 1 173 1 184 1
1541 183 1 173 1 189 1
1542 214 3 119 2 184 1
1543 272 1 64 1 226 1
1544 318 1 233 1 197 1
1545 291 2 140 1 184 1
1546 116 1 115 1 105 1
1547 244 2 138 1 216 1
1548 215 2 244 1 120 1
1549 193 2 298 2 132 1
1550 243 1 202 1 221 1
1551 172 1 232 1 272 1
1552 268 1 261 1 202 1
1553 164 2 255 1 229 1
1554 188 1 316 1 289 1
1555 149 2 164 1 200 1
1556 202 2 104 1 230 1
1557 206 3 241 2 205 2
1558 85 1 245 1 215 1
1559 279 2 245 1 119 1
1560 260 1 272 1 202 1
1561 231 1 204 1 100 1
1562 137 2 238 2 243 1
1563 274 1 262 1 208 1
1564 251 1 265 1 116 1
1565 234 2 233 1 72 1
1566 276 2 222 1 192 1
1567 229 1 280 1 234 1
1568 79 1 221 1 77 1
1569 217 3 91 1 182 1
1570 49 1 260 1 195 1
1571 104 2 232 1 67 1
1572 93 1 108 1 243 1
1573 160 2 86 1 122 1
1574 88 2 210 1 191 1
1575 109 1 107 1 114 1
1576 239 1 115 1 127 1
1577 190 2 182 1 200 1
1578 112 1 170 1 194 1
1579 194 2 168 1 235 1
1580 247 2 309 1 253 1
1581 151 2 140 2 182 1
1582 201 1 165 1 211 1
1583 109 1 154 1 153 1
1584 116 2 109 1 95 1
1585 214 2 105 1 127 1
1586 187 2 81 1 221 1
1587 136 1 178 1 138 1
1588 101 2 191 1 156 1
1589 125 1 150 1 63 1
1590 150 1 140 1 85 1
1591 183 1 159 1 158 1
1592 93 2 167 1 77 1
1593 207 2 98 1 167 1
1594 182 3 100 2 78 1
1595 163 2 77 1 217 1
1596 114 1 323 1 297 1
1597 269 2 175 1 218 1
1598 208 2 113 1 89 1
1599 202 2 120 1 184 1
1600 178 2 177 1 244 1
1601 213 1 246 1 187 1
1602 141 1 99 1 271 1
1603 291 1 143 1 263 1
1604 365 2 266 1 192 1
1605 234 1 182 1 224 1
1606 236 2 287 1 174 1
1607 168 2 136 1 78 1
1608 190 2 214 1 81 1
1609 87 1 148 1 82 1
1610 173 2 110 1 377 1
1611 144 1 171 1 222 1
1612 223 2 211 2 144 2
1613 211 2 249 1 132 1
1614 97 1 93 1 149 1
1615 233 2 93 2 79 1
1616 314 1 153 1 219 1
1617 213 2 154 2 235 1
1618 99 2 126 1 128 1
1619 131 2 154 2 136 1
1620 262 1 218 1 143 1
1621 172 1 153 1 212 1
1622 249 2 104 2 198 1
1623 154 1 254 1 206 1
1624 177 2 170 2 136 1
1625 190 2 234 1 85 1
1626 158 3 227 2 113 1
1627 123 2 229 1 170 1
1628 184 1 98 1 114 1
1629 201 1 221 1 175 1
1630 172 2 176 2 158 1
1631 236 2 123 1 293 1
1632 152 1 146 1 158 1
1633 285 1 195 1 184 1
1634 120 1 269 1 326 1
1635 201 2 187 1 167 1
1636 265 1 63 1 247 1
1637 238 2 191 1 256 1
1638 153 2 149 1 179 1
1639 105 2 290 2 229 1
1640 257 3 134 2 105 1
1641 136 1 331 1 88 1
1642 111 2 66 2 190 1
1643 66 2 119 2 126 1
1644 217 3 128 2 263 1
1645 231 1 111 1 153 1
1646 155 3 238 2 234 2
1647 245 1 329 1 164 1
1648 186 1 252 1 327 1
1649 269 2 142 1 191 1
1650 155 2 82 1 207 1
1651 164 3 120 2 195 2
1652 164 1 163 1 84 1
# Clase 164 domino por 2 generaciones
1653 98 1 78 1 137 1
1654 250 2 233 1 171 1
1655 286 2 216 2 240 1
1656 161 2 92 1 156 1
1657 138 2 152 1 137 1
1658 228 1 189 1 178 1
1659 238 2 150 1 91 1
1660 126 1 122 1 167 1
1661 134 1 130 1 222 1
1662 161 2 114 1 119 1
1663 183 2 114 1 243 1
1664 65 1 203 1 229 1
1665 359 2 129 1 125 1
1666 151 1 158 1 229 1
1667 216 1 66 1 190 1
1668 82 3 149 1 212 1
1669 82 1 287 1 271 1
# Clase 82 domino por 2 generaciones
1670 223 1 368 1 81 1
1671 148 2 349 1 98 1
1672 218 2 148 2 57 1
1673 188 2 133 1 183 1
1674 138 1 216 1 93 1
1675 184 2 121 1 111 1
1676 102 2 160 1 89 1
1677 97 2 81 2 134 1
1678 168 2 126 1 155 1
1679 273 1 164 1 114 1
1680 118 2 184 1 179 1
1681 313 2 227 1 221 1
1682 109 1 94 1 321 1
1683 190 2 207 2 161 2
1684 103 2 203 2 141 2
1685 116 2 175 2 227 1
1686 175 2 241 1 166 1
1687 160 2 154 1 252 1
1688 125 2 192 2 185 1
1689 254 1 275 1 206 1
1690 122 1 113 1 70 1
1691 247 1 162 1 194 1
1692 201 3 157 2 267 1
1693 245 2 250 1 89 1
1694 116 2 236 2 76 1
1695 142 2 210 2 239 2
1696 129 1 247 1 197 1
1697 137 1 274 1 145 1
1698 210 2 142 1 98 1
1699 208 2 261 1 145 1
1700 114 2 164 1 259 1
1701 127 1 164 1 87 1
1702 244 2 197 1 110 1
1703 84 2 188 1 257 1
1704 170 1 215 1 251 1
1705 181 2 282 2 263 1
1706 95 1 263 1 144 1
1707 224 1 125 1 184 1
1708 319 2 318 2 160 2
1709 197 2 257 1 84 1
1710 172 1 111 1 151 1
1711 182 2 65 2 152 1
1712 157 2 108 2 144 1
1713 97 1 255 1 86 1
1714 222 1 99 1 162 1
1715 174 3 208 2 218 1
1716 113 2 144 1 139 1
1717 353 2 83 2 157 2
1718 122 1 217 1 108 1
1719 131 2 228 1 72 1
1720 177 3 273 1 345 1
1721 174 2 281 2 139 1
1722 144 1 82 1 136 1
1723 214 2 144 2 179 2
1724 216 1 315 1 257 1
1725 258 1 104 1 140 1
1726 198 3 199 1 121 1
1727 119 1 107 1 66 1
1728 93 1 80 1 132 1
1729 141 2 135 2 64 1
1730 170 2 180 2 176 2
1731 116 2 154 1 105 1
1732 210 2 125 1 116 1
1733 114 2 166 1 168 1
1734 320 3 136 1 155 1
1735 101 1 135 1 126 1
1736 302 1 237 1 281 1
1737 115 1 107 1 131 1
1738 344 1 143 1 114 1
1739 95 2 97 1 173 1
1740 129 2 170 2 117 2
1741 123 3 188 2 319 1
1742 96 1 273 1 114 1
1743 211 2 123 1 212 1
1744 123 1 135 1 66 1
1745 187 2 119 1 190 1
1746 157 1 190 1 213 1
1747 247 1 183 1 105 1
1748 217 3 246 2 297 1
1749 229 1 203 1 330 1
1750 107 2 97 2 111 1
1751 340 2 246 1 72 1
1752 246 2 142 2 124 1
1753 167 1 233 1 149 1
1754 165 1 131 1 286 1
1755 165 3 106 1 124 1
# Clase 165 domino por 2 generaciones
1756 159 2 199 1 164 1
1757 172 1 209 1 231 1
1758 254 2 130 1 107 1
1759 83 1 107 1 291 1
1760 160 2 222 1 170 1
1761 218 1 248 1 233 1
1762 121 1 288 1 282 1
1763 240 1 114 1 113 1
1764 134 1 101 1 152 1
1765 329 2 276 2 152 1
1766 215 2 304 1 166 1
1767 290 3 57 1 82 1
1768 108 1 254 1 83 1
1769 163 2 82 1 88 1
1770 126 1 213 1 161 1
1771 151 2 213 1 194 1
1772 151 3 147 2 66 1
# Clase 151 domino por 2 generaciones
1773 152 1 74 1 310 1
1774 313 4 152 1 114 1
1775 124 1 86 1 222 1
1776 118 2 217 1 128 1
1777 121 2 84 1 197 1
1778 103 1 219 1 96 1
1779 167 3 169 2 128 2
1780 302 1 294 1 63 1
1781 303 2 181 2 179 1
1782 229 3 91 1 304 1
1783 268 2 182 2 232 1
1784 270 2 148 1 60 1
1785 243 2 246 2 233 1
1786 298 2 169 1 154 1
1787 202 3 86 1 301 1
1788 333 2 320 2 322 1
1789 215 2 302 1 183 1
1790 121 1 342 1 156 1
1791 231 1 211 1 202 1
1792 164 3 265 3 142 1
1793 155 2 274 1 159 1
1794 213 3 129 2 161 2
1795 213 2 143 2 246 1
# Clase 213 domino por 2 generaciones
1796 329 1 144 1 122 1
1797 166 2 70 1 187 1
1798 152 2 201 2 68 1
1799 105 1 146 1 102 1
1800 166 2 179 1 136 1
1801 195 1 115 1 120 1
1802 149 2 173 1 255 1
1803 233 1 181 1 329 1
1804 161 3 302 2 69 1
1805 44 2 69 1 110 1
1806 162 1 77 1 114 1
1807 54 2 117 2 73 1
1808 189 2 93 2 75 1
1809 168 2 117 2 92 1
1810 134 1 62 1 258 1
1811 273 2 105 2 84 2
1812 120 1 148 1 144 1
1813 222 2 178 2 97 1
1814 285 2 153 2 238 1
1815 208 2 188 1 181 1
1816 257 1 84 1 287 1
1817 176 2 121 1 129 1
1818 275 1 64 1 308 1
1819 161 2 120 2 270 1
1820 131 3 236 3 234 2
1821 219 2 190 1 106 1
1822 288 2 142 1 300 1
1823 277 1 182 1 178 1
1824 113 2 379 2 311 1
1825 234 2 233 1 165 1
1826 377 3 135 1 302 1
1827 135 2 183 1 132 1
1828 261 4 185 2 142 2
1829 114 2 259 2 189 2
1830 259 4 155 2 300 2
1831 133 1 160 1 106 1
1832 292 2 105 2 251 1
1833 106 2 131 2 168 1
1834 229 3 269 2 120 2
1835 115 2 96 2 214 1
1836 121 1 198 1 56 1
1837 94 2 161 2 201 1
1838 112 2 107 1 57 1
1839 128 2 110 2 145 1
1840 205 3 216 2 98 1
1841 111 1 237 1 97 1
1842 115 2 160 1 112 1
1843 197 1 79 1 107 1
1844 242 3 264 1 172 1
1845 83 1 115 1 68 1
1846 153 2 274 1 109 1
1847 261 2 137 2 154 1
1848 313 2 200 1 161 1
1849 223 1 215 1 162 1
1850 199 1 168 1 207 1
1851 188 1 173 1 203 1
1852 160 2 293 1 261 1
1853 188 3 277 1 212 1
1854 191 3 296 1 220 1
1855 230 2 159 1 166 1
1856 308 1 115 1 166 1
1857 297 2 139 1 137 1
1858 142 1 125 1 174 1
1859 289 3 137 2 198 1
1860 197 3 259 2 145 2
1861 147 2 161 1 325 1
1862 117 1 176 1 163 1
1863 246 2 125 1 121 1
1864 130 2 125 1 113 1
1865 201 2 156 2 134 2
1866 199 1 168 1 111 1
1867 229 1 165 1 206 1
1868 170 2 141 2 244 1
1869 203 2 166 1 198 1
1870 209 3 188 1 99 1
1871 229 2 311 2 99 1
1872 225 2 126 2 161 1
1873 141 2 114 1 101 1
1874 221 1 205 1 310 1
1875 209 2 157 2 67 1
1876 141 2 53 1 110 1
1877 100 1 288 1 143 1
1878 106 1 108 1 166 1
1879 140 2 107 1 111 1
1880 174 2 141 1 77 1
1881 142 2 125 1 80 1
1882 229 1 83 1 285 1
1883 107 1 263 1 272 1
1884 115 2 189 1 68 1
1885 126 2 117 1 65 1
1886 117 2 129 1 341 1
1887 221 3 315 1 146 1
1888 201 2 89 1 144 1
1889 87 1 144 1 251 1
1890 321 4 249 3 292 2
1891 119 2 252 1 154 1
1892 236 2 209 1 289 1
1893 164 1 382 1 207 1
1894 169 1 338 1 303 1
1895 271 2 144 2 305 2
1896 254 2 100 2 309 1
1897 254 2 132 2 175 1
# Clase 254 domino por 2 generaciones
1898 76 1 195 1 325 1
1899 111 1 122 1 103 1
1900 105 1 229 1 120 1
1901 164 2 134 1 86 1
1902 200 1 235 1 216 1
1903 205 3 163 1 128 1
1904 252 1 267 1 119 1
1905 279 3 135 2 291 2
1906 221 2 134 1 313 1
1907 137 2 199 1 175 1
1908 141 2 135 1 242 1
1909 243 3 151 2 321 1
1910 109 2 311 1 119 1
1911 240 1 119 1 140 1
1912 136 1 118 1 60 1
1913 134 2 367 1 252 1
1914 360 2 169 1 200 1
1915 86 1 294 1 282 1
1916 182 1 127 1 242 1
1917 83 1 299 1 269 1
1918 186 1 150 1 110 1
1919 206 2 108 1 107 1
1920 89 2 247 1 204 1
1921 79 1 165 1 102 1
1922 307 1 150 1 258 1
1923 121 1 166 1 190 1
1924 195 3 160 1 340 1
1925 152 2 221 1 216 1
1926 118 1 152 1 250 1
1927 159 2 236 1 179 1
1928 160 2 229 1 211 1
1929 180 2 115 1 74 1
1930 106 1 202 1 241 1
1931 152 2 89 1 211 1
1932 110 2 129 1 144 1
1933 288 3 90 2 91 2
1934 157 2 220 2 106 2
1935 156 1 162 1 95 1
1936 118 2 169 2 194 1
1937 83 2 135 1 112 1
1938 212 1 257 1 171 1
1939 254 2 237 2 121 1
1940 320 2 110 2 263 1
1941 204 2 157 1 312 1
1942 243 2 109 2 337 1
1943 204 3 105 1 123 1
1944 214 1 98 1 119 1
1945 163 2 153 2 107 1
1946 103 1 196 1 314 1
1947 237 2 115 1 65 1
1948 161 2 171 1 125 1
1949 68 1 166 1 243 1
1950 234 3 84 1 86 1
1951 246 2 310 1 125 1
1952 178 3 143 2 73 1
1953 208 2 105 1 308 1
1954 98 2 166 1 207 1
1955 144 2 101 1 169 1
1956 224 2 175 1 82 1
1957 80 2 122 2 207 1
1958 98 1 244 1 74 1
1959 139 2 203 1 45 1
1960 106 2 239 2 237 1
1961 190 2 100 2 114 2
1962 114 2 89 1 177 1
1963 180 1 177 1 235 1
1964 184 3 122 1 138 1
1965 135 2 98 2 108 1
1966 72 1 150 1 62 1
1967 205 1 222 1 196 1
1968 213 1 209 1 166 1
1969 59 2 226 1 90 1
1970 246 1 215 1 250 1
1971 239 2 246 1 157 1
1972 278 2 113 1 107 1
1973 269 3 130 2 264 1
1974 371 1 320 1 227 1
1975 203 2 312 1 206 1
1976 294 3 118 2 192 1
1977 189 1 108 1 298 1
1978 226 2 108 1 256 1
1979 122 1 177 1 233 1
1980 211 2 339 1 85 1
1981 125 2 119 1 85 1
1982 241 1 80 1 188 1
1983 148 2 241 2 220 1
1984 195 2 232 1 274 1
1985 347 2 132 2 181 1
1986 96 2 121 1 183 1
1987 140 1 250 1 312 1
1988 225 2 152 2 131 1
1989 126 1 204 1 182 1
1990 69 2 217 1 107 1
1991 101 2 156 1 109 1
1992 91 1 88 1 234 1
1993 180 1 166 1 95 1
1994 247 3 138 2 151 1
1995 197 1 211 1 146 1
1996 247 1 273 1 204 1
1997 256 2 175 2 120 2
1998 221 1 173 1 143 1
1999 241 1 184 1 168 1
2000 197 1 168 1 144 1
2001 250 2 115 1 170 1
2002 212 2 250 2 75 1
2003 157 2 88 1 100 1
2004 187 1 212 1 66 1
2005 160 1 58 1 197 1
2006 161 1 195 1 163 1
2007 116 2 213 2 128 1
2008 266 3 284 2 230 1
2009 254 3 128 1 55 1
2010 67 2 207 1 319 1
2011 234 2 137 1 221 1
2012 134 3 211 2 189 1
2013 96 2 176 2 155 1
2014 132 1 156 1 160 1
2015 190 2 156 2 131 1
2016 122 1 216 1 132 1
2017 204 2 116 1 112 1
2018 281 2 239 2 185 1
2019 145 2 102 1 108 1
2020 245 2 182 2 91 2
2021 114 1 188 1 155 1
2022 106 1 264 1 215 1
2023 165 2 156 2 160 1
2024 93 2 112 1 211 1
2025 204 2 105 1 130 1
2026 207 2 167 2 73 1
2027 130 2 144 1 85 1
2028 193 1 98 1 341 1
2029 219 1 192 1 159 1
2030 173 1 209 1 238 1
2031 252 4 151 2 237 2
2032 199 2 165 2 237 2
2033 230 1 253 1 59 1
2034 304 1 236 1 51 1
2035 172 2 205 1 190 1
2036 110 1 177 1 125 1
2037 203 1 110 1 142 1
2038 227 2 126 2 80 1
2039 170 2 289 2 105 1
2040 169 2 88 2 108 1
2041 169 1 61 1 89 1
# Clase 169 domino por 2 generaciones
2042 238 2 118 1 88 1
2043 238 5 122 2 111 2
# Clase 238 domino por 2 generaciones
2044 122 2 249 2 238 2
2045 167 1 121 1 161 1
2046 159 2 136 1 126 1
2047 136 2 112 2 154 1
2048 283 4 110 2 55 2
2049 140 2 87 1 114 1
2050 141 2 140 2 128 2
2051 64 2 149 1 142 1
2052 138 1 133 1 125 1
2053 121 1 212 1 125 1
2054 126 2 82 1 66 1
2055 232 1 295 1 143 1
2056 164 2 82 1 91 1
2057 140 2 305 1 147 1
2058 169 2 184 1 185 1
2059 178 2 253 1 76 1
2060 138 2 84 1 178 1
2061 378 2 78 1 130 1
2062 356 2 214 1 79 1
2063 330 2 127 1 99 1
2064 271 1 96 1 182 1
2065 170 1 207 1 114 1
2066 159 1 262 1 170 1
2067 203 3 153 2 185 2
2068 202 2 183 1 177 1
2069 183 4 232 2 80 1
2070 141 1 179 1 206 1
2071 238 2 160 2 134 1
2072 202 2 78 1 154 1
2073 164 1 160 1 214 1
2074 178 2 117 2 96 1
2075 263 1 186 1 208 1
2076 228 1 86 1 143 1
2077 92 2 93 2 195 1
2078 275 1 194 1 149 1
2079 131 2 125 1 145 1
2080 243 2 283 1 230 1
2081 115 1 270 1 309 1
2082 102 2 133 1 203 1
2083 174 1 234 1 129 1
2084 138 3 233 2 207 2
2085 233 1 310 1 246 1
2086 284 2 163 1 268 1
2087 151 1 246 1 89 1
2088 262 2 240 2 93 1
2089 298 2 95 1 93 1
2090 161 1 58 1 84 1
2091 153 2 155 2 112 2
2092 107 2 125 1 88 1
2093 84 2 93 1 87 1
2094 221 2 123 1 107 1
2095 136 2 145 2 204 2
2096 165 1 163 1 258 1
2097 103 1 140 1 122 1
2098 291 2 174 2 172 1
2099 167 1 123 1 161 1
2100 49 1 222 1 184 1
2101 128 2 117 2 160 1
2102 138 2 166 1 91 1
2103 76 2 155 1 201 1
2104 213 1 121 1 203 1
2105 168 2 171 1 131 1
2106 152 1 119 1 123 1
2107 68 2 124 1 80 1
2108 158 3 147 1 126 1
2109 148 1 52 1 158 1
2110 116 1 59 1 121 1
2111 155 3 223 2 118 2
2112 232 2 100 2 123 2
2113 176 2 222 1 123 1
2114 186 2 209 1 216 1
2115 150 2 94 1 186 1
2116 185 2 181 1 145 1
2117 185 3 95 2 210 1
# Clase 185 domino por 2 generaciones
2118 224 2 69 1 109 1
2119 110 2 204 2 157 1
2120 94 2 74 1 119 1
2121 262 3 158 3 137 2
2122 82 2 76 2 113 1
2123 116 1 103 1 63 1
2124 207 1 137 1 177 1
2125 253 4 145 2 138 1
2126 94 1 131 1 183 1
2127 89 2 66 2 174 1
2128 155 1 87 1 203 1
2129 195 2 117 2 92 1
2130 141 3 195 2 218 2
2131 168 2 93 1 174 1
2132 156 2 217 2 149 1
2133 244 3 108 3 138 2
2134 244 3 141 2 247 2
# Clase 244 domino por 2 generaciones
2135 222 3 126 1 161 1
2136 295 1 154 1 118 1
2137 120 2 78 2 158 1
2138 211 1 94 1 161 1
2139 254 2 162 1 110 1
2140 158 2 180 2 124 1
2141 181 2 124 2 162 1
2142 75 2 191 1 180 1
2143 196 2 202 2 75 1
2144 117 2 196 1 225 1
2145 170 2 97 2 173 1
2146 92 2 133 2 99 1
2147 133 2 69 2 207 1
2148 237 2 93 1 107 1
2149 184 3 287 2 68 2
2150 163 1 73 1 153 1
2151 72 2 83 1 52 1
2152 221 2 78 1 101 1
2153 85 1 229 1 123 1
2154 86 2 135 2 220 1
2155 114 3 184 1 164 1
2156 270 2 142 2 148 2
2157 196 2 273 2 130 1
2158 204 2 174 2 190 1
2159 234 1 110 1 74 1
2160 233 2 193 2 106 1
2161 150 1 233 1 219 1
2162 195 1 259 1 64 1
2163 196 3 308 2 305 2
2164 349 1 65 1 64 1
2165 152 2 196 2 204 1
2166 207 2 384 1 182 1
2167 207 2 283 2 56 1
# Clase 207 domino por 2 generaciones
2168 192 3 319 2 104 1
2169 255 1 114 1 107 1
2170 364 2 150 1 111 1
2171 106 1 66 1 280 1
2172 270 2 111 1 226 1
2173 146 2 249 2 216 2
2174 264 2 182 2 178 2
2175 125 3 131 1 128 1
2176 96 1 205 1 169 1
2177 205 2 154 1 157 1
2178 209 2 205 2 188 1
2179 95 1 167 1 242 1
2180 229 2 176 2 75 1
2181 157 1 296 1 59 1
2182 99 1 213 1 282 1
2183 282 1 251 1 297 1
2184 134 2 162 2 363 2
2185 237 1 324 1 118 1
2186 283 3 198 2 223 1
2187 128 2 184 1 76 1
2188 257 1 159 1 133 1
2189 92 2 254 1 79 1
2190 236 2 296 2 80 1
2191 236 5 105 2 226 1
# Clase 236 domino por 2 generaciones
2192 185 3 149 1 73 1
2193 111 2 219 1 281 1
2194 181 2 220 1 115 1
2195 211 1 134 1 241 1
2196 261 2 253 2 119 2
2197 271 2 123 1 272 1
2198 103 2 110 1 159 1
2199 179 2 174 2 379 1
2200 250 2 210 2 169 1
2201 259 1 248 1 150 1
2202 311 2 126 2 121 2
2203 158 2 94 1 121 1
2204 152 1 225 1 160 1
2205 194 2 137 1 136 1
2206 91 1 230 1 212 1
2207 151 2 173 1 101 1
2208 253 2 195 1 169 1
2209 210 2 159 1 184 1
2210 318 3 199 1 190 1
2211 173 2 102 2 135 1
2212 367 3 206 2 146 1
2213 320 1 280 1 56 1
2214 159 2 173 2 100 1
2215 173 2 220 1 110 1
2216 239 1 224 1 290 1
2217 152 2 167 2 219 1
2218 147 2 286 1 242 1
2219 259 3 61 2 149 1
2220 153 2 251 2 225 1
2221 286 2 285 2 167 1
2222 165 1 253 1 172 1
2223 175 2 307 1 129 1
2224 196 2 240 1 276 1
2225 107 1 348 1 208 1
2226 166 2 190 1 235 1
2227 93 1 257 1 223 1
2228 277 1 180 1 237 1
2229 60 1 273 1 362 1
2230 272 1 277 1 108 1
2231 265 1 184 1 54 1
2232 205 1 92 1 284 1
2233 184 2 225 1 104 1
2234 183 3 374 2 271 1
2235 266 1 229 1 228 1
2236 206 2 193 2 316 1
2237 144 2 286 2 141 2
2238 174 2 101 1 153 1
2239 170 3 144 3 176 2
2240 245 3 254 2 289 1
2241 183 2 213 1 264 1
2242 343 3 148 2 292 2
2243 257 1 214 1 233 1
2244 269 2 252 1 167 1
2245 205 2 79 1 249 1
2246 265 5 371 3 316 3
2247 395 2 225 2 233 1
2248 286 2 265 1 219 1
2249 104 3 141 2 107 1
2250 133 1 255 1 319 1
2251 340 1 269 1 174 1
2252 338 2 141 2 100 1
2253 342 3 291 1 112 1
2254 349 1 87 1 341 1
2255 233 3 106 2 105 1
2256 77 1 143 1 174 1
2257 165 2 72 1 216 1
2258 288 3 287 1 270 1
2259 314 4 112 2 300 2
2260 287 3 170 2 296 2
2261 248 3 358 2 337 2
2262 211 1 248 1 192 1
2263 374 3 312 2 209 1
2264 312 3 386 2 382 2
2265 356 2 386 2 322 1
2266 298 1 382 1 372 1
2267 382 2 174 1 399 1
2268 208 2 362 2 330 1
2269 180 2 382 2 291 2
2270 349 2 329 1 270 1
2271 252 1 180 1 331 1
2272 268 2 187 1 313 1
2273 205 2 309 1 341 1
2274 314 1 310 1 300 1
2275 191 2 178 2 260 1
2276 300 2 207 1 392 1
2277 399 1 297 1 392 1
2278 189 1 327 1 91 1
2279 152 3 398 2 399 1
2280 170 2 211 1 399 1
2281 140 2 142 2 164 2
2282 147 2 325 1 251 1
2283 202 1 287 1 223 1
2284 351 1 254 1 251 1
2285 255 3 286 1 180 1
2286 272 2 390 1 358 1
2287 238 3 294 2 297 2
2288 134 3 162 1 156 1
2289 303 4 134 2 248 1
2290 172 1 238 1 140 1
2291 318 2 119 1 249 1
2292 204 3 304 3 264 1
2293 270 2 124 2 264 1
2294 289 3 394 2 304 2
2295 228 3 308 2 338 1
2296 172 2 354 2 392 1
2297 140 2 296 2 56 1
2298 284 2 375 2 290 2
2299 151 2 266 1 324 1
2300 172 2 162 1 178 1
2301 266 4 292 2 171 1
2302 266 1 280 1 174 1
# Clase 266 domino por 2 generaciones
2303 366 5 307 2 73 1
2304 136 3 145 1 338 1
2305 136 3 199 1 230 1
# Clase 136 domino por 2 generaciones
2306 104 2 142 2 186 2
2307 290 2 330 2 271 2
2308 116 3 270 2 285 2
2309 144 2 103 2 254 1
2310 202 3 149 3 142 3
2311 307 2 224 1 98 1
2312 183 2 285 2 171 1
2313 215 3 273 1 272 1
2314 111 2 364 2 171 1
2315 111 2 198 1 264 1
# Clase 111 domino por 2 generaciones
2316 122 1 98 1 258 1
2317 88 2 161 1 99 1
2318 182 2 321 1 156 1
2319 314 4 158 2 327 2
2320 356 2 214 1 352 1
2321 148 2 208 1 358 1
2322 289 2 99 2 301 1
2323 99 2 218 1 314 1
2324 111 5 228 1 122 1
2325 301 2 228 2 254 2
2326 331 2 196 1 105 1
2327 136 2 238 2 254 1
2328 305 2 84 1 346 1
2329 292 2 125 2 83 1
2330 177 1 175 1 84 1
2331 169 2 121 2 354 2
2332 238 1 81 1 365 1
2333 152 2 173 1 287 1
2334 138 2 295 2 148 1
2335 373 2 291 2 228 1
2336 145 2 293 2 327 1
2337 292 2 199 1 154 1
2338 371 3 261 2 225 2
2339 263 3 154 2 321 2
2340 282 5 289 4 216 4
2341 160 2 296 2 165 2
2342 306 3 379 1 116 1
2343 309 3 171 1 391 1
2344 220 3 318 3 343 1
2345 178 2 335 1 334 1
2346 218 1 319 1 88 1
2347 232 2 345 1 286 1
2348 254 2 270 2 178 2
2349 227 2 213 2 192 1
2350 267 3 302 2 137 1
2351 267 2 282 2 171 1
# Clase 267 domino por 2 generaciones
2352 274 3 317 1 174 1
2353 275 2 231 1 228 1
2354 203 2 162 1 133 1
2355 179 3 187 2 231 2
2356 311 2 387 1 377 1
2357 363 2 153 2 343 1
2358 308 3 286 2 356 2
2359 193 3 170 3 319 2
2360 319 4 325 2 181 1
2361 277 3 111 2 261 2
2362 355 2 220 2 163 1
2363 373 2 357 2 229 1
2364 243 3 113 2 103 2
2365 113 6 294 2 265 1
2366 113 4 111 4 377 2
2367 113 6 111 3 229 2
2368 113 17 111 6 152 2
2369 113 16 111 14 139 4
# Clase 113 domino por 5 generaciones
2370 111 20 113 18 112 1
2371 113 20 111 14 112 1
2372 113 25 111 13 112 1
2373 113 25 111 13 112 5
2374 113 22 111 12 112 3
2375 113 20 111 12 112 3
2376 113 19 111 16 117 4
# Clase 113 domino por 6 generaciones
2377 111 19 113 16 117 4
2378 111 17 113 13 117 5
2379 111 19 113 13 107 5
2380 111 18 113 10 107 8
2381 111 16 113 11 107 11
# Clase 111 domino por 5 generaciones
2382 107 16 111 15 113 7
2383 107 21 111 11 113 6
2384 107 25 111 10 113 5
2385 107 25 111 9 113 4
2386 107 22 111 8 113 4
2387 107 24 111 10 113 4
2388 107 23 111 9 113 3
2389 107 17 111 11 113 3
2390 107 23 111 10 105 3
2391 107 22 111 10 105 6
2392 107 23 111 9 105 6
2393 107 23 105 9 111 6
2394 107 25 105 9 111 6
2395 107 28 105 9 111 6
2396 107 22 105 16 111 4
# Clase 107 domino por 15 generaciones
2397 105 26 107 12 111 4
2398 105 27 107 13 111 4
2399 105 32 107 10 111 4
2400 105 34 107 8 115 2
2401 105 38 107 5 115 1
2402 105 35 107 5 115 1
2403 105 39 107 7 115 1
2404 105 38 107 4 127 1
2405 105 37 127 4 107 3
2406 105 21 127 13 107 11
# Clase 105 domino por 10 generaciones
2407 107 23 105 16 127 5
2408 107 36 105 14 127 1
2409 107 34 105 15 109 1
2410 107 25 105 23 109 1
# Clase 107 domino por 4 generaciones
2411 105 31 107 16 210 1
2412 105 42 107 5 103 1
2413 105 48 107 3 101 1
2414 105 49 107 2 101 1
2415 105 49 111 1 107 1
2416 105 45 106 1 107 1
2417 105 43 107 1 95 1
2418 105 48 107 1 104 1
2419 105 49 210 2 107 1
2420 105 44 107 2 106 1
2421 105 43 107 3 106 1
2422 105 45 107 4 104 2
2423 105 42 107 6 104 1
2424 105 40 107 4 104 1
2425 105 40 107 5 104 1
2426 105 44 107 4 104 1
2427 105 37 107 6 104 1
2428 105 41 107 3 104 1
2429 105 42 107 3 104 1
2430 105 46 107 3 104 1
2431 105 44 107 1 104 1
2432 105 43 107 1 117 1
2433 105 44 107 2 111 1
2434 105 47 107 1 104 1
2435 105 51 107 1 104 1
2436 105 49 107 1 104 1
2437 105 49 107 1 169 1
2438 105 50 107 1 169 1
2439 105 51 107 1 104 1
2440 105 44 104 1 107 1
2441 105 48 104 1 107 1
2442 105 46 104 2 210 1
2443 105 41 104 2 107 1
2444 105 46 104 3 149 1
2445 105 48 104 6 149 1
2446 105 43 104 5 149 1
2447 105 45 104 4 151 1
2448 105 48 104 5 152 1
2449 105 44 104 5 152 1
2450 105 37 104 6 152 1
2451 105 40 104 6 73 1
2452 105 41 104 9 73 1
2453 105 40 104 9 106 1
2454 105 37 104 7 73 1
2455 105 36 104 8 106 1
2456 105 39 104 9 106 2
2457 105 38 104 9 106 1
2458 105 32 104 11 106 2
2459 105 27 104 18 106 1
# Clase 105 domino por 49 generaciones
2460 104 28 105 22 106 1
2461 104 31 105 20 108 1
2462 104 26 105 19 108 1
2463 104 26 105 15 108 1
2464 104 31 105 15 108 4
2465 104 37 105 8 108 4
2466 104 36 105 8 108 2
2467 104 39 105 7 108 1
2468 104 45 105 7 108 1
2469 104 34 105 15 103 1
2470 104 39 105 9 107 1
2471 104 35 105 9 107 1
2472 104 40 105 8 106 1
2473 104 43 105 5 106 2
2474 104 46 105 5 106 2
2475 104 38 105 3 106 3
2476 104 42 106 2 105 2
2477 104 45 106 4 105 1
2478 104 46 106 4 105 1
2479 104 41 106 5 105 1
2480 104 43 106 4 105 1
2481 104 46 106 3 105 1
2482 104 45 106 5 108 1
2483 104 41 106 7 102 1
2484 104 41 106 6 103 1
2485 104 39 106 7 103 1
2486 104 44 106 7 108 1
2487 104 43 106 7 108 1
2488 104 42 106 3 103 1
2489 104 45 106 2 108 1
2490 104 43 106 2 208 2
2491 104 40 106 2 105 1
2492 104 50 106 1 116 1
2493 104 51 105 1 106 1
2494 104 46 106 1 210 1
2495 104 53 106 1 210 1
2496 104 53 116 1 72 1
2497 104 44 116 1 106 1
2498 104 49 116 1 106 1
2499 104 53 106 1 105 1
2500 104 48 208 1 106 1
2501 104 43 106 1 80 1
2502 104 45 106 3 105 1
2503 104 45 106 2 105 1
2504 104 43 106 2 108 1
2505 104 49 106 1 108 1
2506 104 50 106 1 108 1
2507 104 46 106 2 108 1
2508 104 44 106 4 108 1
2509 104 43 106 6 103 1
2510 104 41 106 4 102 1
2511 104 43 106 5 105 1
2512 104 44 106 6 103 1
2513 104 43 106 5 94 1
2514 104 41 106 5 94 1
2515 104 39 106 7 105 1
2516 104 41 106 7 105 1
2517 104 43 106 8 103 1
2518 104 38 106 10 103 1
2519 104 39 106 7 108 1
2520 104 38 106 9 105 1
2521 104 33 106 15 105 1
2522 104 29 106 17 105 2
2523 104 32 106 13 105 1
2524 104 31 106 14 105 1
2525 104 33 106 13 105 1
2526 104 34 106 12 110 1
2527 104 32 106 16 105 1
2528 104 29 106 20 108 1
2529 104 29 106 16 110 1
2530 104 34 106 14 110 1
2531 104 36 106 10 108 1
2532 104 37 106 11 110 1
2533 104 34 106 15 114 1
2534 104 32 106 15 105 1
2535 104 32 106 17 64 1
2536 104 26 106 22 108 1
# Clase 104 domino por 77 generaciones
2537 106 25 104 23 105 1
2538 106 30 104 19 64 1
2539 106 30 104 17 105 1
2540 106 29 104 17 110 1
2541 106 29 104 16 107 1
2542 106 32 104 19 80 1
2543 106 29 104 22 110 1
2544 106 27 104 21 108 1
2545 106 29 104 19 108 1
2546 106 34 104 15 108 1
2547 106 35 104 12 110 1
2548 106 35 104 11 110 1
2549 106 40 104 9 108 1
2550 106 41 104 6 108 1
2551 106 42 104 6 107 1
2552 106 43 104 4 108 1
2553 106 42 104 3 108 1
2554 106 44 104 1 108 1
2555 106 46 108 3 104 1
2556 106 44 108 3 104 1
2557 106 46 108 3 104 1
2558 106 44 108 4 104 1
2559 106 41 108 5 104 1
2560 106 37 108 8 104 1
2561 106 39 108 7 104 1
2562 106 38 108 8 105 1
2563 106 39 108 10 104 1
2564 106 36 108 6 104 2
2565 106 33 108 7 104 3
2566 106 30 104 9 108 6
2567 106 39 104 4 105 4
2568 106 36 104 5 108 4
2569 106 35 104 9 105 6
2570 106 29 104 12 105 6
2571 106 26 104 11 105 5
2572 106 24 104 14 105 8
2573 106 24 104 19 105 9
2574 106 26 104 14 105 9
2575 106 20 104 17 105 7
2576 106 18 104 17 105 9
# Clase 106 domino por 40 generaciones
2577 104 24 106 14 105 10
2578 104 21 106 14 105 8
2579 104 22 106 15 105 12
2580 104 29 106 12 105 9
2581 104 33 106 10 105 4
2582 104 33 106 8 105 4
2583 104 31 106 9 105 3
2584 104 38 106 9 105 1
2585 104 43 106 7 105 1
2586 104 42 106 5 105 1
2587 104 47 106 3 105 1
2588 104 47 106 4 107 1
2589 104 43 106 4 102 1
2590 104 43 106 3 105 1
2591 104 47 106 2 78 1
2592 104 50 106 3 108 1
2593 104 45 106 2 78 1
2594 104 45 106 1 78 1
2595 104 51 106 1 105 1
2596 104 52 106 1 88 1
2597 104 46 106 1 130 1
2598 104 48 106 1 102 1
2599 104 51 102 1 88 1
2600 104 45 160 1 106 1
2601 104 51 88 1 31 1
2602 104 51 106 1 103 1
2603 104 44 106 2 108 1
2604 104 48 106 1 108 1
2605 104 44 106 3 105 1
2606 104 43 106 4 130 1
2607 104 46 106 4 102 1
2608 104 41 106 5 102 1
2609 104 40 106 6 102 1
2610 104 40 106 8 102 1
2611 104 41 106 8 102 1
2612 104 39 106 9 102 1
2613 104 41 106 6 88 1
2614 104 39 106 7 103 1
2615 104 38 106 10 116 1
2616 104 37 106 10 108 1
2617 104 37 106 9 108 1
2618 104 40 106 8 108 1
2619 104 36 106 11 108 1
2620 104 33 106 14 108 1
2621 104 34 106 14 108 1
2622 104 34 106 13 108 1
2623 104 31 106 14 102 1
2624 104 34 106 12 102 2
2625 104 35 106 8 102 4
2626 104 33 106 6 102 4
2627 104 34 102 5 106 4
2628 104 39 102 6 106 3
2629 104 39 106 4 102 4
2630 104 41 106 3 102 2
2631 104 43 106 2 102 1
2632 104 45 106 1 102 1
2633 104 47 106 3 102 1
2634 104 44 105 2 106 1
2635 104 44 105 1 106 1
2636 104 47 106 1 105 1
2637 104 44 108 2 106 2
2638 104 37 108 6 106 3
2639 104 35 108 7 106 3
2640 104 37 108 6 106 3
2641 104 39 108 6 106 3
2642 104 42 108 3 106 2
2643 104 38 108 3 106 3
2644 104 43 106 2 108 1
2645 104 47 106 1 108 1
2646 104 47 106 1 108 1
2647 104 43 106 1 108 1
2648 104 44 106 2 108 1
2649 104 45 106 1 108 1
2650 104 46 106 2 102 1
2651 104 46 102 2 106 1
2652 104 39 102 3 106 1
2653 104 45 102 2 106 1
2654 104 46 102 2 208 2
2655 104 42 102 3 106 1
2656 104 38 102 5 106 2
2657 104 39 102 8 106 1
2658 104 41 102 8 106 1
2659 104 34 102 6 105 1
2660 104 31 102 4 103 2
2661 104 28 102 6 106 3
2662 104 26 102 5 105 1
2663 104 29 102 8 96 1
2664 104 35 102 7 190 1
2665 104 39 102 5 105 1
2666 104 39 102 5 190 1
2667 104 40 102 4 190 1
2668 104 41 102 4 105 1
2669 104 39 102 5 105 1
2670 104 36 102 5 190 1
2671 104 38 102 5 190 1
2672 104 44 102 4 190 1
2673 104 44 102 4 272 1
2674 104 41 102 3 68 1
2675 104 44 102 2 105 1
2676 104 45 102 2 106 1
2677 104 38 102 2 107 1
2678 104 41 102 2 106 1
2679 104 42 102 2 106 1
2680 104 40 102 2 106 1
2681 104 45 102 1 106 1
2682 104 45 102 1 106 1
2683 104 43 102 1 108 1
2684 104 44 102 1 106 1
2685 104 47 102 1 106 1
2686 104 46 106 1 102 1
2687 104 45 102 1 106 1
2688 104 43 102 1 105 1
2689 104 45 102 1 106 1
2690 104 45 102 2 106 1
2691 104 41 106 1 102 1
2692 104 44 106 1 102 1
2693 104 44 105 1 106 1
2694 104 42 106 1 102 1
2695 104 44 106 1 102 1
2696 104 46 102 1 106 1
2697 104 48 106 1 102 1
2698 104 44 105 1 102 1
2699 104 46 106 1 102 1
2700 104 47 106 1 102 1
2701 104 39 106 2 102 1
2702 104 40 114 3 102 1
2703 104 44 114 4 102 1
2704 104 36 114 8 102 1
2705 104 39 114 7 106 1
2706 104 38 114 4 106 1
2707 104 42 114 2 106 1
2708 104 40 114 3 102 2
2709 104 35 106 4 114 3
2710 104 32 102 5 114 4
2711 104 31 106 6 114 4
2712 104 29 106 8 102 5
2713 104 32 106 8 102 3
2714 104 30 106 9 102 4
2715 104 27 106 9 102 4
2716 104 26 106 9 102 4
2717 104 26 106 15 102 5
2718 104 24 106 17 102 8
# Clase 104 domino por 142 generaciones
2719 106 22 104 20 102 4
2720 104 21 106 16 102 6
2721 106 20 104 19 102 6
2722 104 23 106 17 102 5
2723 104 21 106 12 102 9
2724 104 22 106 15 102 5
2725 104 23 106 13 102 10
2726 104 22 106 11 102 8
2727 104 26 106 8 102 7
2728 104 31 106 8 102 5
2729 104 29 106 9 102 5
2730 104 29 106 7 102 4
2731 104 30 102 8 106 6
2732 104 30 102 11 106 8
2733 104 22 102 15 106 5
2734 104 25 102 13 106 4
2735 104 24 102 15 106 5
2736 104 27 102 15 106 4
2737 104 27 102 12 106 3
2738 104 30 102 11 106 4
2739 104 36 102 9 106 2
2740 104 36 102 8 106 2
2741 104 36 102 6 106 2
2742 104 39 102 5 106 2
2743 104 38 102 5 106 2
2744 104 37 102 3 106 2
2745 104 38 102 4 106 2
2746 104 42 102 3 106 2
2747 104 38 106 3 102 3
2748 104 39 102 3 106 3
2749 104 37 102 5 106 4
2750 104 32 106 6 102 5
2751 104 25 106 5 102 4
2752 104 20 102 3 110 3
2753 104 15 219 2 106 2
2754 104 23 106 5 102 3
2755 104 27 106 5 102 2
2756 104 21 106 4 102 3
2757 104 27 106 5 102 2
2758 104 28 106 5 102 2
2759 104 34 106 4 102 2
2760 104 32 106 4 105 1
2761 104 33 106 4 64 1
2762 104 35 106 5 102 1
2763 104 37 106 4 102 1
2764 104 35 106 4 102 1
2765 104 38 106 4 102 1
2766 104 35 106 5 102 1
2767 104 36 106 6 102 1
2768 104 35 106 5 102 2
2769 104 32 106 7 102 2
2770 104 31 106 8 102 2
2771 104 26 106 10 102 1
2772 104 32 106 10 110 1
2773 104 34 106 6 110 2
2774 104 34 106 8 110 2
2775 104 34 106 8 110 1
2776 104 36 106 7 108 1
2777 104 37 106 9 108 2
2778 104 36 106 9 108 2
2779 104 36 106 6 108 2
2780 104 36 106 7 108 2
2781 104 40 106 4 108 2
2782 104 38 106 6 108 1
2783 104 34 106 6 108 2
2784 104 33 106 6 102 2
2785 104 36 106 5 102 3
2786 104 32 102 7 106 6
2787 104 30 102 8 106 5
2788 104 28 102 11 106 4
2789 104 27 102 14 106 4
2790 104 22 102 19 106 4
# Clase 104 domino por 69 generaciones
2791 102 24 104 19 106 3
2792 102 22 104 18 106 3
2793 102 30 104 13 106 3
2794 102 31 104 11 106 3
2795 102 34 104 12 106 2
2796 102 33 104 10 106 2
2797 102 30 104 8 106 2
2798 102 35 104 7 106 1
2799 102 32 104 9 106 2
2800 102 32 104 8 106 2
2801 102 32 104 8 106 2
2802 102 35 104 7 207 2
2803 102 33 104 7 106 2
2804 102 34 104 7 106 1
2805 102 39 104 5 106 1
2806 102 38 104 5 106 2
2807 102 37 104 5 106 1
2808 102 44 104 2 100 1
2809 102 45 104 3 100 1
2810 102 41 104 3 100 1
2811 102 40 104 3 100 1
2812 102 43 104 3 100 1
2813 102 48 104 3 100 1
2814 102 41 104 5 100 1
2815 102 47 104 4 100 1
2816 102 41 104 6 100 1
2817 102 36 104 6 100 3
2818 102 42 104 5 100 2
2819 102 41 104 5 100 2
2820 102 39 104 4 100 2
2821 102 41 104 4 100 2
2822 102 45 104 3 100 1
2823 102 46 104 2 100 2
2824 102 41 104 2 100 2
2825 102 42 104 3 101 2
2826 102 43 104 3 100 1
2827 102 37 104 4 100 1
2828 102 38 104 3 207 2
2829 102 42 104 2 100 1
2830 102 43 104 2 100 1
2831 102 44 104 2 100 1
2832 102 41 104 1 100 1
2833 102 43 104 1 100 1
2834 102 46 104 1 100 1
2835 102 46 104 1 74 1
2836 102 46 104 1 74 1
2837 102 40 104 2 98 1
2838 102 41 106 2 104 2
2839 102 41 106 2 104 2
2840 102 41 104 2 105 1
2841 102 41 106 2 104 1
2842 102 42 106 2 104 2
2843 102 43 110 1 106 1
2844 102 43 106 1 104 1
2845 102 40 104 1 106 1
2846 102 41 104 2 110 1
2847 102 40 104 2 110 1
2848 102 41 104 2 100 1
2849 102 43 104 2 100 1
2850 102 36 100 3 104 2
2851 102 37 100 2 101 2
2852 102 40 100 4 104 2
2853 102 42 104 2 100 2
2854 102 37 100 3 104 2
2855 102 38 100 5 104 2
2856 102 33 100 12 104 1
2857 102 29 100 12 104 2
2858 102 28 100 11 104 2
2859 102 27 100 13 104 2
2860 102 24 100 13 104 2
2861 102 21 100 15 103 5
2862 102 20 100 18 104 3
# Clase 102 domino por 72 generaciones
2863 100 23 102 17 103 2
2864 100 22 102 15 103 4
2865 100 25 102 14 103 3
2866 100 29 102 12 103 3
2867 100 28 102 11 103 4
2868 100 26 102 12 103 4
2869 100 29 102 9 103 5
2870 100 31 102 8 103 4
2871 100 32 102 8 103 3
2872 100 34 102 7 103 3
2873 100 33 102 5 103 4
2874 100 33 102 4 103 3
2875 100 36 102 3 103 3
2876 100 39 103 3 102 3
2877 100 42 102 3 103 2
2878 100 38 102 3 103 2
2879 100 38 102 3 103 1
2880 100 40 102 3 101 2
2881 100 41 102 4 103 1
2882 100 44 102 3 99 1
2883 100 43 102 4 103 1
2884 100 39 102 3 99 1
2885 100 42 102 2 99 1
2886 100 42 102 1 101 1
2887 100 37 99 2 102 2
2888 100 38 99 4 102 1
2889 100 40 99 3 102 1
2890 100 42 99 2 102 2
2891 100 36 99 5 102 2
2892 100 39 99 3 102 2
2893 100 43 102 2 99 2
2894 100 41 99 2 102 1
2895 100 36 99 3 102 2
2896 100 41 102 3 99 1
2897 100 36 102 4 99 2
2898 100 36 102 5 99 2
2899 100 32 102 6 101 4
2900 100 30 102 8 101 3
2901 100 29 102 6 101 4
2902 100 28 101 7 102 6
2903 100 24 101 12 102 6
2904 100 25 101 11 102 4
2905 100 24 101 11 106 3
2906 100 25 101 9 102 3
2907 100 26 101 12 102 2
2908 100 22 101 14 106 1
2909 100 24 101 15 102 1
2910 100 25 101 16 102 2
2911 100 25 101 15 102 3
2912 100 24 101 13 102 4
2913 100 24 101 11 102 7
2914 100 21 102 10 101 10
2915 100 22 102 10 101 9
2916 100 24 101 8 102 7
2917 100 24 102 9 101 6
2918 100 30 102 8 101 4
2919 100 31 102 6 101 4
2920 100 31 102 6 101 4
2921 100 36 102 6 101 3
2922 100 38 102 5 101 2
2923 100 34 102 6 101 2
2924 100 37 102 5 103 1
2925 100 41 102 4 103 1
2926 100 39 102 4 103 1
2927 100 40 102 4 103 1
2928 100 39 102 4 103 1
2929 100 39 102 4 101 1
2930 100 42 102 4 104 1
2931 100 43 102 3 101 1
2932 100 46 102 2 103 1
2933 100 41 102 3 101 2
2934 100 41 102 2 103 1
2935 100 43 102 2 101 2
2936 100 46 102 1 68 1
2937 100 46 102 2 68 1
2938 100 42 102 1 68 1
2939 100 43 102 1 98 1
2940 100 46 102 2 98 1
2941 100 44 102 2 98 1
2942 100 41 102 1 98 1
2943 100 43 102 1 98 1
2944 100 44 102 2 101 2
2945 100 40 102 2 99 1
2946 100 43 102 1 68 1
2947 100 42 102 4 99 1
2948 100 40 102 3 76 1
2949 100 39 102 3 78 1
2950 100 42 102 3 78 1
2951 100 40 102 2 78 1
2952 100 43 102 3 101 1
2953 100 45 102 1 68 1
2954 100 39 102 3 78 1
2955 100 39 102 2 78 1
2956 100 43 102 2 78 1
2957 100 45 102 3 80 1
2958 100 39 102 3 68 1
2959 100 42 102 3 80 1
2960 100 44 102 4 80 1
2961 100 39 102 6 74 1
2962 100 34 102 4 150 1
2963 100 37 102 5 111 1
2964 100 38 102 4 146 1
2965 100 37 102 4 78 1
2966 100 39 102 4 175 1
2967 100 37 102 4 104 1
2968 100 35 102 3 104 1
2969 100 36 102 2 104 1
2970 100 41 102 2 104 1
2971 100 42 102 3 104 1
2972 100 39 102 2 104 1
2973 100 40 102 2 84 1
2974 100 45 102 2 82 1
2975 100 41 102 2 104 1
2976 100 41 102 3 104 1
2977 100 41 102 3 82 1
2978 100 42 102 3 104 1
2979 100 43 102 3 82 1
2980 100 45 102 2 68 1
2981 100 45 102 2 68 1
2982 100 39 102 2 68 1
2983 100 41 102 4 68 1
2984 100 39 68 2 76 2
2985 100 40 102 2 68 1
2986 100 43 102 3 68 1
2987 100 38 102 3 68 2
2988 100 36 102 4 68 1
2989 100 38 102 3 68 1
2990 100 37 68 1 102 1
2991 100 38 102 1 68 1
2992 100 42 110 2 102 2
2993 100 34 68 1 102 1
2994 100 36 102 2 68 1
2995 100 40 102 2 68 1
2996 100 39 102 2 68 2
2997 100 40 102 2 68 1
2998 100 38 102 4 99 1
2999 100 37 102 3 68 1
3000 100 36 102 4 68 1
3001 100 39 102 4 68 1
3002 100 39 102 4 101 1
3003 100 40 102 4 68 1
3004 100 39 102 4 101 1
3005 100 35 102 4 104 1
3006 100 35 102 3 104 1
3007 100 37 102 3 104 1
3008 100 37 102 3 68 1
3009 100 39 102 2 101 1
3010 100 37 102 2 78 1
3011 100 38 102 2 78 1
3012 100 44 102 1 104 1
3013 100 37 102 2 68 1
3014 100 40 102 2 68 1
3015 100 43 102 2 98 1
3016 100 38 102 3 98 1
3017 100 39 102 2 68 1
3018 100 44 102 2 68 1
3019 100 41 102 3 98 1
3020 100 40 102 1 68 1
3021 100 43 102 1 68 1
3022 100 42 102 2 68 1
3023 100 44 102 1 68 1
3024 100 41 102 2 78 1
3025 100 43 102 2 68 1
3026 100 43 102 2 99 1
3027 100 44 102 3 101 1
3028 100 43 102 2 99 1
3029 100 39 102 3 83 2
3030 100 33 83 8 102 3
# Clase 100 domino por 168 generaciones
3031 83 21 100 15 85 5
3032 83 23 85 10 100 2
3033 83 20 85 11 79 3
3034 83 16 85 8 69 6
3035 83 10 85 7 69 6
# Clase 83 domino por 5 generaciones
3036 69 10 83 6 85 4
3037 69 16 71 8 83 6
3038 69 15 71 7 83 4
3039 69 13 75 7 71 6
3040 69 10 83 7 71 5
# Clase 69 domino por 5 generaciones
3041 83 11 69 10 77 4
3042 83 18 69 9 81 3
3043 83 17 69 6 67 3
3044 83 14 73 4 71 4
3045 83 14 73 9 71 5
# Clase 83 domino por 5 generaciones
3046 73 11 83 8 69 5
3047 73 12 69 6 83 6
# Clase 73 domino por 2 generaciones
3048 65 11 67 9 83 6
3049 65 17 67 8 63 5
3050 65 20 67 9 63 7
3051 65 20 63 12 61 8
3052 65 25 63 13 61 9
3053 65 19 61 15 63 8
3054 65 23 61 10 67 5
3055 65 27 67 11 60 6
3056 65 23 67 15 60 4
3057 65 19 67 19 60 4
# Clase 65 domino por 10 generaciones
3058 67 26 65 11 63 5
3059 67 29 61 7 69 5
3060 67 28 61 10 69 4
3061 67 30 61 10 63 3
3062 67 33 61 8 65 4
3063 67 35 63 7 65 4
3064 67 31 65 8 63 6
3065 67 34 65 9 63 4
3066 67 30 65 12 63 4
3067 67 31 65 12 61 5
3068 67 28 65 16 61 3
3069 67 25 65 17 63 6
3070 67 31 65 9 61 4
3071 67 33 65 6 63 4
3072 67 28 69 8 63 6
3073 67 22 69 14 63 7
3074 67 20 69 12 63 8
# Clase 67 domino por 17 generaciones
3075 63 13 65 12 67 11
3076 65 17 63 14 61 9
3077 65 26 63 13 61 6
3078 65 23 63 12 61 6
3079 65 20 63 15 61 8
3080 65 27 63 10 61 7
3081 65 31 63 7 61 7
3082 65 36 67 6 61 6
3083 65 35 67 5 63 4
3084 65 35 61 5 63 4
3085 65 38 61 4 67 3
3086 65 37 61 3 67 2
3087 65 39 59 3 61 2
3088 65 39 63 3 67 3
3089 65 32 63 5 59 4
3090 65 30 59 4 63 4
3091 65 31 59 6 67 5
3092 65 26 63 6 67 5
3093 65 22 59 7 63 5
3094 65 19 63 8 59 7
3095 65 14 63 12 59 7
3096 65 13 63 11 59 8
3097 65 14 63 12 59 12
# Clase 65 domino por 22 generaciones
3098 59 19 65 13 63 8
3099 59 27 65 7 63 4
3100 59 37 58 2 65 2
3101 59 49 60 2 61 1
3102 59 53 60 1 77 1
3103 59 56 58 1 60 1
3104 59 55 58 1 57 1
3105 59 57 57 1 58 1
3106 59 58 57 2 58 1
3107 59 60 44 1 57 1
3108 59 58 58 1 57 1
3109 59 58 60 1 58 1
3110 59 55 60 2 61 1
3111 59 57 60 1 61 1
3112 59 53 44 1 58 1
3113 59 54 44 1 58 1
3114 59 55 58 1 44 1
3115 59 52 58 2 60 2
3116 59 52 44 2 61 1
3117 59 54 44 2 60 1
3118 59 52 58 1 44 1
3119 59 51 44 3 58 1
3120 59 55 61 1 58 1
3121 59 57 60 1 58 1
3122 59 56 46 1 58 1
3123 59 58 61 1 60 1
3124 59 61 58 1 62 1
3125 59 58 58 1 60 1
3126 59 60 58 1 61 1
3127 59 57 58 1 61 1
3128 59 59 60 1 61 1
3129 59 57 57 1 61 1
3130 59 58 60 1 58 1
3131 59 55 60 2 58 1
3132 59 57 60 1 58 1
3133 59 56 58 1 61 1
3134 59 55 58 1 60 1
3135 59 53 58 3 55 1
3136 59 56 58 2 61 1
3137 59 58 58 2 57 1
3138 59 54 58 2 61 1
3139 59 58 58 1 38 1
3140 59 56 58 1 57 1
3141 59 55 61 1 58 1
3142 59 56 61 2 58 1
3143 59 58 61 1 60 1
3144 59 60 58 1 61 1
3145 59 57 58 1 57 1
3146 59 60 57 1 58 1
3147 59 59 58 1 57 1
3148 59 59 58 1 61 1
3149 59 59 58 1 57 1
3150 59 60 61 1 60 1
3151 59 59 58 1 57 1
3152 59 58 58 1 61 1
3153 59 59 58 1 57 1
3154 59 58 57 1 58 1
3155 59 58 57 1 61 1
3156 59 59 39 1 57 1
3157 59 56 39 1 60 1
3158 59 57 39 1 58 1
3159 59 55 58 2 57 1
3160 59 55 58 4 57 1
3161 59 54 58 4 57 1
3162 59 54 58 4 57 1
3163 59 56 57 2 58 2
3164 59 56 57 2 39 1
3165 59 55 57 2 58 1
3166 59 54 58 3 57 2
3167 59 55 58 2 57 1
3168 59 54 58 2 57 1
3169 59 57 39 1 58 1
3170 59 57 39 1 57 1
3171 59 59 39 1 58 1
3172 59 61 57 1 58 1
3173 59 59 58 1 57 1
3174 59 57 58 1 39 1
3175 59 59 58 2 39 1
3176 59 55 58 2 39 1
3177 59 58 58 1 60 1
3178 59 56 58 2 57 1
3179 59 56 58 2 60 1
3180 59 55 58 2 44 1
3181 59 53 58 4 60 1
3182 59 54 58 3 60 1
3183 59 55 58 4 60 1
3184 59 51 58 6 61 1
3185 59 49 58 7 60 2
3186 59 48 58 6 60 4
3187 59 49 58 6 60 4
3188 59 50 58 5 60 4
3189 59 54 60 4 58 2
3190 59 55 58 2 60 2
3191 59 57 58 2 61 1
3192 59 57 58 2 61 1
3193 59 57 58 2 61 1
3194 59 57 58 1 61 1
3195 59 61 60 1 58 1
3196 59 59 58 2 60 1
3197 59 59 58 1 57 1
3198 59 60 58 1 60 1
3199 59 59 58 1 60 1
3200 59 58 58 2 61 1
3201 59 59 58 1 61 1
3202 59 61 58 1 61 1
3203 59 60 58 1 60 1
3204 59 59 58 2 60 1
3205 59 59 58 1 56 1
3206 59 60 58 1 56 1
3207 59 60 60 1 58 1
3208 59 59 60 1 61 1
3209 59 58 61 1 58 1
3210 59 57 58 1 57 1
3211 59 55 58 2 71 1
3212 59 56 58 1 61 1
3213 59 57 60 2 58 1
3214 59 56 60 1 58 1
3215 59 56 58 2 60 2
3216 59 51 58 6 61 1
3217 59 52 58 6 60 1
3218 59 53 58 6 61 1
3219 59 54 58 4 60 1
3220 59 56 58 2 61 1
3221 59 55 61 4 58 1
3222 59 53 61 4 57 1
3223 59 57 61 3 57 1
3224 59 49 61 9 57 1
3225 59 40 61 18 55 1
3226 59 36 61 23 60 1
3227 59 30 61 28 60 1
# Clase 59 domino por 130 generaciones
3228 61 31 59 27 60 1
3229 61 35 59 22 60 1
3230 61 39 59 19 60 1
3231 61 42 59 14 63 1
3232 61 41 59 13 63 1
3233 61 46 59 10 63 1
3234 61 48 59 7 63 2
3235 61 56 59 4 60 1
3236 61 55 59 3 60 1
3237 61 54 59 2 60 2
3238 61 56 59 2 63 1
3239 61 56 59 2 60 1
3240 61 55 60 2 59 1
3241 61 56 60 1 59 1
3242 61 57 60 1 59 1
3243 61 59 63 1 60 1
3244 61 53 60 2 59 1
3245 61 52 59 3 63 1
3246 61 52 59 3 60 1
3247 61 51 59 5 60 2
3248 61 49 59 7 60 2
3249 61 48 59 8 60 2
3250 61 45 59 10 60 2
3251 61 43 59 15 60 1
3252 61 36 59 20 60 2
# Clase 61 domino por 25 generaciones
3253 59 29 61 28 60 2
3254 59 33 61 21 60 2
3255 59 38 61 18 60 3
3256 59 36 61 18 60 2
3257 59 43 61 15 60 1
3258 59 41 61 12 60 2
3259 59 49 61 7 60 1
3260 59 54 61 2 60 2
3261 59 57 60 2 57 1
3262 59 55 60 3 61 1
3263 59 54 60 3 61 1
3264 59 54 60 4 57 1
3265 59 54 60 5 55 1
3266 59 54 60 4 61 1
3267 59 52 60 5 58 1
3268 59 53 60 3 58 2
3269 59 52 58 3 61 2
3270 59 53 58 3 60 2
3271 59 52 58 5 60 1
3272 59 52 58 6 60 1
3273 59 52 58 4 61 1
3274 59 47 58 11 60 1
3275 59 42 58 18 61 1
3276 59 33 58 25 61 1
# Clase 59 domino por 24 generaciones
3277 58 32 59 26 61 1
3278 58 44 59 15 55 1
3279 58 49 59 7 60 1
3280 58 55 59 3 56 1
3281 58 55 56 2 59 2
3282 58 54 56 2 59 2
3283 58 58 56 2 60 1
3284 58 60 56 1 60 1
3285 58 59 57 1 55 1
3286 58 60 55 1 59 1
3287 58 60 55 1 59 1
3288 58 58 60 1 59 1
3289 58 59 57 1 56 1
3290 58 60 60 1 57 1
3291 58 59 57 1 60 1
3292 58 58 57 1 60 1
3293 58 60 57 1 60 1
3294 58 60 60 1 56 1
3295 58 59 60 1 56 1
3296 58 59 60 1 57 1
3297 58 61 60 1 57 1
3298 58 58 60 3 69 1
3299 58 60 60 1 64 1
3300 58 54 60 2 57 1
3301 58 52 60 4 57 1
3302 58 54 60 3 57 1
3303 58 57 60 2 57 1
3304 58 57 56 2 60 1
3305 58 58 60 1 56 1
3306 58 61 57 1 60 1
3307 58 58 60 2 56 1
3308 58 61 57 1 67 1
3309 58 60 57 1 56 1
3310 58 61 57 1 59 1
3311 58 62 57 1 56 1
3312 58 58 57 1 60 1
3313 58 53 60 2 57 1
3314 58 57 57 1 59 1
3315 58 57 60 2 59 1
3316 58 59 60 1 57 1
3317 58 61 60 1 57 1
3318 58 63 60 1 57 1
3319 58 64 60 1 56 1
3320 58 61 57 1 56 1
3321 58 61 60 1 59 1
3322 58 60 60 1 59 1
3323 58 60 57 1 60 1
3324 58 59 57 1 59 1
3325 58 59 57 1 60 1
3326 58 55 60 3 62 1
3327 58 53 60 2 62 1
3328 58 53 57 4 60 2
3329 58 53 57 7 59 1
3330 58 51 57 6 56 1
3331 58 52 57 6 60 2
3332 58 54 57 5 59 1
3333 58 54 57 3 60 2
3334 58 54 57 2 60 2
3335 58 55 57 2 60 1
3336 58 57 60 1 59 1
3337 58 56 56 1 59 1
3338 58 58 60 1 61 1
3339 58 55 60 1 59 1
3340 58 56 59 1 60 1
3341 58 54 60 3 57 1
3342 58 54 60 3 57 1
3343 58 58 60 1 56 1
3344 58 57 60 1 56 1
3345 58 58 60 1 59 1
3346 58 53 60 1 57 1
3347 58 52 60 1 59 1
3348 58 56 59 1 56 1
3349 58 55 59 1 60 1
3350 58 56 60 1 57 1
3351 58 55 59 1 60 1
3352 58 56 60 1 59 1
3353 58 55 60 1 57 1
3354 58 57 60 1 59 1
3355 58 59 60 1 57 1
3356 58 60 57 1 60 1
3357 58 62 57 1 60 1
3358 58 61 57 1 56 1
3359 58 64 57 1 56 1
3360 58 61 56 1 57 1
3361 58 59 60 1 109 1
3362 58 62 57 1 60 1
3363 58 61 60 1 59 1
3364 58 59 60 1 57 1
3365 58 57 57 1 78 1
3366 58 60 59 1 60 1
3367 58 58 60 1 56 1
3368 58 56 56 2 60 1
3369 58 59 56 1 60 1
3370 58 63 56 1 57 1
3371 58 56 56 1 60 1
3372 58 61 56 1 60 1
3373 58 62 60 1 57 1
3374 58 58 60 1 77 1
3375 58 58 57 1 60 1
3376 58 58 60 1 57 1
3377 58 59 57 2 56 1
3378 58 57 56 2 60 1
3379 58 59 60 2 56 1
3380 58 58 56 1 60 1
3381 58 58 56 2 60 1
3382 58 58 60 2 56 1
3383 58 62 60 1 56 1
3384 58 59 56 1 60 1
3385 58 60 60 1 57 1
3386 58 58 60 2 62 1
3387 58 59 60 2 59 1
3388 58 57 60 2 56 1
3389 58 59 59 1 60 1
3390 58 60 59 1 60 1
3391 58 58 60 2 57 1
3392 58 57 60 1 59 1
3393 58 58 60 2 70 1
3394 58 59 60 1 56 1
3395 58 61 60 1 57 1
3396 58 64 60 1 57 1
3397 58 60 67 1 60 1
3398 58 62 62 1 57 1
3399 58 61 60 1 56 1
3400 58 62 59 1 60 1
3401 58 61 60 1 57 1
3402 58 57 60 1 59 1
3403 58 60 60 1 59 1
3404 58 60 61 1 60 1
3405 58 61 60 1 56 1
3406 58 61 56 2 60 1
3407 58 61 59 2 57 1
3408 58 55 60 2 56 1
3409 58 59 57 1 56 1
3410 58 57 60 1 56 1
3411 58 61 57 1 60 1
3412 58 60 60 1 57 1
3413 58 58 57 2 60 1
3414 58 59 57 1 60 1
3415 58 61 57 1 59 1
3416 58 58 57 1 64 1
3417 58 59 60 1 56 1
3418 58 60 60 1 56 1
3419 58 60 60 1 57 1
3420 58 57 60 1 57 1
3421 58 59 56 1 57 1
3422 58 61 56 1 59 1
3423 58 61 60 1 57 1
3424 58 60 60 1 57 1
3425 58 61 60 1 90 1
3426 58 58 60 1 57 1
3427 58 61 57 1 56 1
3428 58 63 60 1 57 1
3429 58 62 59 1 60 1
3430 58 60 60 1 57 1
3431 58 61 57 1 56 1
3432 58 62 60 1 57 1
3433 58 59 57 1 60 1
3434 58 61 60 1 57 1
3435 58 60 56 1 60 1
3436 58 59 60 1 57 1
3437 58 60 60 1 56 1
3438 58 59 60 2 57 1
3439 58 59 60 1 56 1
3440 58 60 60 1 57 1
3441 58 60 60 2 56 1
3442 58 60 57 1 60 1
3443 58 60 60 1 57 1
3444 58 61 57 1 56 1
3445 58 62 57 1 62 1
3446 58 61 60 1 59 1
3447 58 61 60 1 57 1
3448 58 61 56 1 60 1
3449 58 59 57 2 60 1
3450 58 61 60 1 57 1
3451 58 56 60 2 57 1
3452 58 57 60 2 57 1
3453 58 61 57 1 60 1
3454 58 59 57 1 60 1
3455 58 59 57 1 60 1
3456 58 60 60 1 57 1
3457 58 59 60 1 57 1
3458 58 61 60 1 57 1
3459 58 62 60 1 59 1
3460 58 61 57 1 56 1
3461 58 63 56 1 60 1
3462 58 59 56 1 60 1
3463 58 60 57 1 60 1
3464 58 63 56 1 59 1
3465 58 60 56 2 60 1
3466 58 58 57 1 56 1
3467 58 59 57 1 56 1
3468 58 57 60 2 56 1
3469 58 55 60 3 56 1
3470 58 57 60 1 56 1
3471 58 57 60 1 56 1
3472 58 60 60 2 56 1
3473 58 61 60 2 59 1
3474 58 55 60 3 59 1
3475 58 60 57 1 60 1
3476 58 60 60 1 56 1
3477 58 60 60 2 57 1
3478 58 59 60 2 57 1
3479 58 54 60 3 59 1
3480 58 56 60 3 57 1
3481 58 56 60 4 57 1
3482 58 59 60 2 57 1
3483 58 61 59 1 60 1
3484 58 58 60 1 57 1
3485 58 57 55 1 56 1
3486 58 58 55 2 60 1
3487 58 56 55 2 60 1
3488 58 58 59 1 55 1
3489 58 55 57 2 60 1
3490 58 54 57 2 55 2
3491 58 55 60 3 57 2
3492 58 57 55 2 57 2
3493 58 55 57 3 60 1
3494 58 57 57 3 60 1
3495 58 54 57 3 60 1
3496 58 54 57 3 60 1
3497 58 55 57 3 60 1
3498 58 56 57 4 56 1
3499 58 57 57 5 60 1
3500 58 53 57 7 60 1
3501 58 50 57 9 62 1
3502 58 48 57 13 59 1
3503 58 46 57 15 59 1
3504 58 41 57 17 60 1
3505 58 34 57 25 60 1
3506 58 32 57 26 59 1
3507 58 29 57 24 60 1
3508 58 33 57 25 60 1
3509 58 30 57 23 60 3
# Clase 58 domino por 233 generaciones
3510 57 34 58 22 60 2
3511 57 43 58 13 60 2
3512 57 49 58 8 55 1
3513 57 51 58 4 55 1
3514 57 52 58 6 55 1
3515 57 50 58 5 55 1
3516 57 54 58 5 55 1
3517 57 52 58 3 55 1
3518 57 55 58 2 56 1
3519 57 55 58 3 55 1
3520 57 52 58 3 55 1
3521 57 51 58 4 55 2
3522 57 51 58 3 55 1
3523 57 49 55 2 58 2
3524 57 50 55 3 58 1
3525 57 53 55 3 59 1
3526 57 55 55 2 59 1
3527 57 55 55 2 56 1
3528 57 50 55 4 60 1
3529 57 50 55 5 58 1
3530 57 50 55 7 56 1
3531 57 49 55 8 39 1
3532 57 50 55 6 60 1
3533 57 53 55 5 62 1
3534 57 49 55 7 56 1
3535 57 42 55 11 39 1
3536 57 38 55 15 59 1
3537 57 33 55 22 56 1
3538 57 30 55 28 56 1
# Clase 57 domino por 29 generaciones
3539 55 35 57 24 59 1
3540 55 40 57 18 56 1
3541 55 45 57 14 53 1
3542 55 49 57 7 54 1
3543 55 52 57 5 54 1
3544 55 53 57 4 54 1
3545 55 54 57 2 56 1
3546 55 58 57 2 53 1
3547 55 59 57 1 53 1
3548 55 58 56 1 75 1
3549 55 57 57 1 56 1
3550 55 59 57 1 54 1
3551 55 57 57 1 56 1
3552 55 58 57 1 54 1
3553 55 55 57 2 54 1
3554 55 56 57 1 53 1
3555 55 57 57 1 37 1
3556 55 60 57 1 83 1
3557 55 57 57 2 53 1
3558 55 59 57 1 54 1
3559 55 58 57 1 54 1
3560 55 54 57 2 56 1
3561 55 56 57 1 54 1
3562 55 56 57 1 37 1
3563 55 54 56 1 57 1
3564 55 54 56 1 57 1
3565 55 56 57 1 56 1
3566 55 59 57 1 54 1
3567 55 57 57 3 56 1
3568 55 56 56 1 53 1
3569 55 57 57 1 94 1
3570 55 58 57 2 67 1
3571 55 57 57 1 54 1
3572 55 59 53 1 54 1
3573 55 58 71 1 57 1
3574 55 58 57 1 54 1
3575 55 59 57 1 54 1
3576 55 58 57 2 54 1
3577 55 54 54 1 56 1
3578 55 56 54 1 53 1
3579 55 54 56 1 57 1
3580 55 56 54 1 57 1
3581 55 57 56 1 57 1
3582 55 54 57 2 54 1
3583 55 57 57 1 53 1
3584 55 56 57 2 56 1
3585 55 57 57 1 50 1
3586 55 58 57 1 64 1
3587 55 58 57 1 53 1
3588 55 55 54 2 57 1
3589 55 57 57 2 54 1
3590 55 57 57 1 54 1
3591 55 59 54 1 57 1
3592 55 57 57 1 54 1
3593 55 60 57 1 54 1
3594 55 62 57 1 37 1
3595 55 60 57 1 53 1
3596 55 55 53 1 57 1
3597 55 57 53 1 57 1
3598 55 56 57 1 56 1
3599 55 55 57 2 56 1
3600 55 58 54 1 53 1
3601 55 55 101 1 57 1
3602 55 57 57 1 54 1
3603 55 57 57 2 37 1
3604 55 56 57 2 54 1
3605 55 54 54 2 57 1
3606 55 54 54 3 57 1
3607 55 53 54 4 57 1
3608 55 53 54 4 57 1
3609 55 50 54 7 57 1
3610 55 53 54 5 56 1
3611 55 57 54 3 56 1
3612 55 57 54 2 57 1
3613 55 59 54 1 37 1
